0 0
1 0
2 0
3 0
4 0
5 0
6 0
7 0
8 0
9 62
10 0
11 0
12 0
13 1023
14 0
15 57
16 57
17 0
18 0
19 0
20 1023
21 52
22 0
23 247
24 0
25 47
26 47
27 0
28 0
29 0
30 42
31 0
32 0
33 37
34 0
35 0
36 0
37 32
38 0
39 27
40 0
41 22
42 0
43 17
44 0
45 0
46 0
47 0
48 0
49 252
50 252
51 252
52 252
53 1023
54 1023
55 1023
56 1023
57 1023
58 1023
59 1023
60 1023
61 1023
62 1023
63 1023
64 1023
65 1023
66 1023
67 1023
68 1023
69 1023
70 1023
71 1023
72 1023
73 1023
74 1023
75 1023
76 257
77 257
78 257
79 257
80 257
81 257
82 257
83 257
84 257
85 257
86 257
87 257
88 1023
89 1023
90 1023
91 1023
92 1023
93 1023
94 1023
95 1023
96 1023
97 1023
98 1023
99 1023
100 1023
101 1023
102 1023
103 1023
104 1023
105 1023
106 1023
107 1023
108 262
109 262
110 262
111 262
112 262
113 262
114 262
115 262
116 262
117 262
118 262
119 262
120 262
121 262
122 262
123 262
124 262
125 262
126 1023
127 1023
128 1023
129 1023
130 1023
131 1023
132 1023
133 1023
134 1023
135 1023
136 1023
137 1023
138 1023
139 1023
140 1023
141 1023
142 1023
143 1023
144 1023
145 267
146 267
147 267
148 267
149 267
150 267
151 267
152 267
153 267
154 267
155 267
156 267
157 267
158 267
159 267
160 267
161 267
162 1023
163 1023
164 1023
165 1023
166 1023
167 1023
168 1023
169 1023
170 1023
171 1023
172 1023
173 1023
174 1023
175 1023
176 1023
177 1023
178 1023
179 1023
180 272
181 272
182 272
183 272
184 272
185 272
186 272
187 272
188 1023
189 1023
190 1023
191 1023
192 1023
193 1023
194 1023
195 1023
196 1023
197 1023
198 1023
199 1023
200 1023
201 1023
202 1023
203 1023
204 1023
205 1023
206 1023
207 1023
208 1023
209 1023
210 1023
211 1023
212 1023
213 1023
214 1023
215 1023
216 1023
217 1023
218 1023
219 277
220 277
221 277
222 277
223 277
224 277
225 277
226 277
227 277
228 277
229 277
230 277
231 277
232 277
233 1023
234 1023
235 1023
236 1023
237 1023
238 1023
239 1023
240 1023
241 1023
242 1023
243 1023
244 1023
245 1023
246 1023
247 1023
248 1023
249 1023
250 1023
251 1023
252 1023
253 1023
254 1023
255 1023
256 1023
257 1023
258 1023
259 1023
260 282
261 282
262 282
263 282
264 282
265 282
266 282
267 282
268 282
269 282
270 282
271 282
272 282
273 282
274 282
275 282
276 282
277 282
278 282
279 282
280 282
281 287
282 287
283 287
284 287
285 287
286 287
287 287
288 287
289 287
290 287
291 287
292 287
293 287
294 287
295 287
296 287
297 287
298 287
299 287
300 287
301 1023
302 1023
303 1023
304 1023
305 1023
306 1023
307 1023
308 1023
309 1023
310 1023
311 1023
312 1023
313 1023
314 1023
315 1023
316 1023
317 1023
318 1023
319 1023
320 1023
321 292
322 292
323 292
324 292
325 292
326 292
327 292
328 292
329 292
330 292
331 292
332 292
333 292
334 292
335 292
336 292
337 292
338 292
339 292
340 292
341 292
342 292
343 292
344 1023
345 1023
346 1023
347 1023
348 1023
349 1023
350 1023
351 1023
352 1023
353 1023
354 1023
355 1023
356 1023
357 1023
358 1023
359 1023
360 1023
361 1023
362 1023
363 1023
364 1023
365 1023
366 1023
367 1023
368 1023
369 1023
370 1023
371 297
372 297
373 297
374 297
375 297
376 297
377 297
378 297
379 297
380 297
381 297
382 297
383 297
384 297
385 297
386 297
387 1023
388 1023
389 1023
390 1023
391 1023
392 1023
393 1023
394 1023
395 1023
396 1023
397 1023
398 1023
399 1023
400 1023
401 1023
402 1023
403 1023
404 1023
405 1023
406 1023
407 1023
408 302
409 302
410 302
411 302
412 302
413 302
414 302
415 302
416 302
417 302
418 302
419 302
420 302
421 302
422 302
423 1023
424 1023
425 1023
426 1023
427 1023
428 1023
429 1023
430 1023
431 1023
432 1023
433 1023
434 1023
435 1023
436 1023
437 1023
438 1023
439 1023
440 1023
441 1023
442 1023
443 1023
444 1023
445 1023
446 1023
447 1023
448 1023
449 1023
450 1023
451 1023
452 307
453 307
454 307
455 307
456 307
457 307
458 307
459 307
460 307
461 307
462 307
463 307
464 307
465 307
466 307
467 307
468 307
469 307
470 307
471 307
472 307
473 307
474 307
475 1023
476 1023
477 1023
478 1023
479 1023
480 1023
481 1023
482 1023
483 1023
484 1023
485 1023
486 1023
487 1023
488 1023
489 1023
490 1023
491 1023
492 1023
493 1023
494 1023
495 1023
496 312
497 312
498 312
499 312
500 312
501 312
502 312
503 312
504 312
505 312
506 312
507 312
508 312
509 312
510 312
511 312
512 312
513 312
514 312
515 312
516 312
517 312
518 312
519 1023
520 1023
521 1023
522 1023
523 1023
524 1023
525 1023
526 1023
527 1023
528 1023
529 1023
530 1023
531 1023
532 1023
533 1023
534 1023
535 1023
536 1023
537 1023
538 1023
539 1023
540 317
541 317
542 317
543 317
544 317
545 317
546 317
547 317
548 1023
549 1023
550 1023
551 1023
552 1023
553 1023
554 1023
555 1023
556 1023
557 1023
558 1023
559 1023
560 1023
561 1023
562 1023
563 1023
564 1023
565 1023
566 1023
567 1023
568 1023
569 1023
570 1023
571 1023
572 1023
573 1023
574 1023
575 1023
576 1023
577 1023
578 1023
579 1023
580 1023
581 1023
582 1023
583 322
584 322
585 322
586 322
587 322
588 322
589 322
590 322
591 322
592 322
593 322
594 322
595 322
596 322
597 322
598 322
599 322
600 1023
601 1023
602 1023
603 1023
604 1023
605 1023
606 1023
607 1023
608 1023
609 1023
610 1023
611 1023
612 1023
613 1023
614 1023
615 1023
616 1023
617 1023
618 1023
619 1023
620 1023
621 1023
622 1023
623 1023
624 1023
625 1023
626 327
627 327
628 327
629 327
630 327
631 327
632 327
633 327
634 327
635 327
636 327
637 327
638 327
639 327
640 327
641 327
642 327
643 327
644 327
645 327
646 332
647 332
648 332
649 332
650 332
651 332
652 332
653 332
654 332
655 332
656 332
657 332
658 332
659 332
660 332
661 332
662 332
663 332
664 332
665 332
666 332
667 332
668 1023
669 1023
670 1023
671 1023
672 1023
673 1023
674 1023
675 1023
676 1023
677 1023
678 1023
679 1023
680 1023
681 1023
682 1023
683 1023
684 1023
685 1023
686 1023
687 1023
688 1023
689 1023
690 337
691 337
692 337
693 337
694 337
695 337
696 337
697 337
698 337
699 337
700 337
701 337
702 337
703 337
704 337
705 337
706 337
707 337
708 1023
709 1023
710 1023
711 1023
712 1023
713 1023
714 1023
715 1023
716 1023
717 1023
718 1023
719 1023
720 1023
721 1023
722 1023
723 1023
724 1023
725 1023
726 342
727 342
728 342
729 342
730 342
731 342
732 342
733 342
734 342
735 342
736 342
737 342
738 342
739 342
740 1023
741 1023
742 1023
743 1023
744 1023
745 1023
746 1023
747 1023
748 1023
749 1023
750 1023
751 1023
752 1023
753 1023
754 1023
755 1023
756 1023
757 1023
758 1023
759 1023
760 1023
761 1023
762 1023
763 1023
764 1023
765 347
766 347
767 347
768 347
769 347
770 347
771 347
772 347
773 347
774 347
775 347
776 347
777 347
778 347
779 347
780 347
781 347
782 347
783 347
784 1023
785 1023
786 1023
787 1023
788 1023
789 1023
790 1023
791 1023
792 1023
793 1023
794 1023
795 1023
796 1023
797 1023
798 1023
799 1023
800 1023
801 1023
802 1023
803 1023
804 352
805 352
806 352
807 352
808 352
809 352
810 352
811 352
812 352
813 352
814 352
815 352
816 352
817 352
818 352
819 352
820 1023
821 1023
822 1023
823 1023
824 1023
825 1023
826 1023
827 1023
828 1023
829 1023
830 1023
831 1023
832 1023
833 1023
834 1023
835 357
836 357
837 357
838 357
839 357
840 357
841 357
842 357
843 357
844 357
845 357
846 357
847 357
848 357
849 1023
850 1023
851 1023
852 1023
853 1023
854 1023
855 1023
856 1023
857 1023
858 1023
859 1023
860 1023
861 1023
862 1023
863 1023
864 1023
865 1023
866 1023
867 362
868 362
869 362
870 362
871 362
872 362
873 362
874 362
875 362
876 362
877 362
878 362
879 362
880 362
881 362
882 367
883 367
884 367
885 367
886 367
887 367
888 367
889 367
890 367
891 367
892 367
893 367
894 367
895 367
896 367
897 1023
898 1023
899 1023
900 1023
901 1023
902 1023
903 1023
904 1023
905 1023
906 1023
907 1023
908 1023
909 1023
910 1023
911 1023
912 1023
913 1023
914 1023
915 1023
916 1023
917 372
918 372
919 372
920 372
921 372
922 372
923 1023
924 1023
925 1023
926 1023
927 1023
928 1023
929 1023
930 1023
931 1023
932 1023
933 1023
934 377
935 377
936 377
937 377
938 377
939 377
940 377
941 377
942 377
943 377
944 377
945 377
946 1023
947 1023
948 1023
949 1023
950 1023
951 1023
952 1023
953 1023
954 1023
955 1023
956 382
957 382
958 382
959 382
960 382
961 382
962 382
963 1023
964 1023
965 1023
966 1023
967 1023
968 1023
969 1023
970 1023
971 1023
972 1023
973 1023
974 387
975 387
976 387
977 387
978 387
979 387
980 387
981 387
982 1023
983 1023
984 1023
985 1023
986 1023
987 1023
988 392
989 392
990 392
991 392
992 392
993 392
994 417
995 417
996 417
997 417
998 397
999 397
1000 397
1001 397
1002 412
1003 412
1004 412
1005 402
1006 407
1007 407
1008 1023
1009 1023
1010 1023
1011 1023
1012 1023
1013 1023
1014 1023
1015 1023
1016 1023
1017 1023
1018 1023
1019 1023
1020 1023
1021 1023
1022 1023
1023 1023
1024 1023
1025 1023
1026 1023
1027 1023
1028 1023
1029 1023
1030 1023
1031 1023
1032 1023
1033 1023
1034 1023
1035 1023
1036 1023
1037 1023
1038 1023
1039 1023
1040 1023
1041 1023
1042 1023
1043 1023
1044 1023
1045 1023
1046 1023
1047 1023
1048 1023
1049 1023
1050 1023
1051 1023
1052 1023
1053 1023
1054 1023
1055 1023
1056 1023
1057 1023
1058 1023
1059 1023
1060 1023
1061 1023
1062 1023
1063 1023
1064 1023
1065 1023
1066 1023
1067 1023
1068 1023
1069 1023
1070 1023
1071 1023
1072 1023
1073 1023
1074 1023
1075 1023
1076 1023
1077 1023
1078 1023
1079 1023
1080 1023
1081 1023
1082 1023
1083 1023
1084 1023
1085 1023
1086 1023
1087 1023
1088 1023
1089 1023
1090 1023
1091 1023
1092 1023
1093 1023
1094 1023
1095 1023
1096 1023
1097 1023
1098 1023
1099 1023
1100 1023
1101 1023
1102 1023
1103 1023
1104 1023
1105 1023
1106 1023
1107 1023
1108 1023
1109 1023
1110 1023
1111 1023
1112 1023
1113 1023
1114 1023
1115 1023
1116 1023
1117 1023
1118 1023
1119 1023
1120 1023
1121 1023
1122 1023
1123 1023
1124 1023
1125 1023
1126 1023
1127 1023
1128 1023
1129 1023
1130 1023
1131 1023
1132 1023
1133 1023
1134 1023
1135 1023
1136 1023
1137 1023
1138 1023
1139 1023
1140 1023
1141 1023
1142 1023
1143 1023
1144 1023
1145 1023
1146 1023
1147 1023
1148 1023
1149 1023
1150 1023
1151 1023
1152 1023
1153 1023
1154 1023
1155 1023
1156 1023
1157 1023
1158 1023
1159 1023
1160 1023
1161 1023
1162 1023
1163 1023
1164 1023
1165 1023
1166 1023
1167 1023
1168 1023
1169 1023
1170 1023
1171 1023
1172 1023
1173 1023
1174 1023
1175 1023
1176 1023
1177 1023
1178 1023
1179 1023
1180 1023
1181 1023
1182 1023
1183 1023
1184 1023
1185 1023
1186 1023
1187 1023
1188 1023
1189 1023
1190 1023
1191 1023
1192 1023
1193 1023
1194 1023
1195 1023
1196 1023
1197 1023
1198 1023
1199 1023
1200 1023
1201 1023
1202 1023
1203 1023
1204 1023
1205 1023
1206 1023
1207 1023
1208 1023
1209 1023
1210 1023
1211 1023
1212 1023
1213 1023
1214 1023
1215 1023
1216 1023
1217 1023
1218 1023
1219 1023
1220 1023
1221 1023
1222 1023
1223 1023
1224 1023
1225 1023
1226 1023
1227 1023
1228 1023
1229 1023
1230 1023
1231 1023
1232 1023
1233 1023
1234 1023
1235 1023
1236 1023
1237 1023
1238 1023
1239 1023
1240 1023
1241 1023
1242 1023
1243 1023
1244 1023
1245 1023
1246 1023
1247 1023
1248 1023
1249 1023
1250 1023
1251 1023
1252 1023
1253 1023
1254 1023
1255 1023
1256 1023
1257 1023
1258 1023
1259 1023
1260 1023
1261 1023
1262 1023
1263 1023
1264 1023
1265 1023
1266 1023
1267 1023
1268 1023
1269 1023
1270 1023
1271 1023
1272 1023
1273 1023
1274 1023
1275 1023
1276 1023
1277 1023
1278 1023
1279 1023
1280 1023
1281 1023
1282 1023
1283 1023
1284 1023
1285 1023
1286 1023
1287 1023
1288 1023
1289 1023
1290 1023
1291 1023
1292 1023
1293 1023
1294 1023
1295 1023
1296 1023
1297 1023
1298 1023
1299 1023
1300 1023
1301 1023
1302 1023
1303 1023
1304 1023
1305 1023
1306 1023
1307 1023
1308 1023
1309 1023
1310 1023
1311 1023
1312 1023
1313 1023
1314 1023
1315 1023
1316 1023
1317 1023
1318 1023
1319 1023
1320 1023
1321 1023
1322 1023
1323 1023
1324 1023
1325 1023
1326 1023
1327 1023
1328 1023
1329 1023
1330 1023
1331 1023
1332 1023
1333 1023
1334 1023
1335 1023
1336 1023
1337 1023
1338 1023
1339 1023
1340 1023
1341 1023
1342 1023
1343 1023
1344 1023
1345 1023
1346 1023
1347 1023
1348 1023
1349 783
1350 783
1351 783
1352 783
1353 783
1354 783
1355 783
1356 783
1357 783
1358 788
1359 788
1360 788
1361 788
1362 788
1363 788
1364 788
1365 788
1366 788
1367 788
1368 793
1369 793
1370 793
1371 793
1372 793
1373 793
1374 793
1375 793
1376 793
1377 798
1378 798
1379 798
1380 798
1381 798
1382 798
1383 798
1384 798
1385 798
1386 798
1387 803
1388 803
1389 803
1390 803
1391 803
1392 803
1393 803
1394 803
1395 803
1396 803
1397 808
1398 808
1399 808
1400 808
1401 808
1402 808
1403 808
1404 808
1405 808
1406 808
1407 813
1408 813
1409 813
1410 813
1411 813
1412 813
1413 813
1414 813
1415 813
1416 813
1417 818
1418 818
1419 818
1420 818
1421 818
1422 818
1423 818
1424 818
1425 818
1426 818
1427 823
1428 823
1429 823
1430 823
1431 823
1432 823
1433 823
1434 823
1435 823
1436 823
1437 823
1438 828
1439 828
1440 828
1441 828
1442 828
1443 828
1444 828
1445 828
1446 828
1447 828
1448 828
1449 833
1450 833
1451 833
1452 833
1453 833
1454 833
1455 833
1456 833
1457 833
1458 833
1459 838
1460 838
1461 838
1462 838
1463 838
1464 838
1465 838
1466 838
1467 838
1468 838
1469 838
1470 843
1471 843
1472 843
1473 843
1474 843
1475 843
1476 843
1477 843
1478 843
1479 843
1480 843
1481 848
1482 848
1483 848
1484 848
1485 848
1486 848
1487 848
1488 848
1489 848
1490 848
1491 848
1492 853
1493 853
1494 853
1495 853
1496 853
1497 853
1498 853
1499 853
1500 853
1501 853
1502 853
1503 858
1504 858
1505 858
1506 858
1507 858
1508 858
1509 858
1510 858
1511 858
1512 858
1513 858
1514 863
1515 863
1516 863
1517 863
1518 863
1519 863
1520 863
1521 863
1522 863
1523 863
1524 863
1525 868
1526 868
1527 868
1528 868
1529 868
1530 868
1531 868
1532 868
1533 868
1534 868
1535 868
1536 873
1537 873
1538 873
1539 873
1540 873
1541 873
1542 873
1543 873
1544 873
1545 873
1546 873
1547 873
1548 878
1549 878
1550 878
1551 878
1552 878
1553 878
1554 878
1555 878
1556 878
1557 878
1558 883
1559 883
1560 883
1561 883
1562 883
1563 883
1564 883
1565 883
1566 883
1567 883
1568 883
1569 888
1570 888
1571 888
1572 888
1573 888
1574 888
1575 888
1576 888
1577 888
1578 888
1579 888
1580 893
1581 893
1582 893
1583 893
1584 893
1585 893
1586 893
1587 893
1588 893
1589 893
1590 893
1591 898
1592 898
1593 898
1594 898
1595 898
1596 898
1597 898
1598 898
1599 898
1600 898
1601 898
1602 903
1603 903
1604 903
1605 903
1606 903
1607 903
1608 903
1609 903
1610 903
1611 903
1612 908
1613 908
1614 908
1615 908
1616 908
1617 908
1618 908
1619 908
1620 908
1621 908
1622 908
1623 913
1624 913
1625 913
1626 913
1627 913
1628 913
1629 913
1630 913
1631 913
1632 913
1633 918
1634 918
1635 918
1636 918
1637 918
1638 918
1639 918
1640 918
1641 918
1642 918
1643 923
1644 923
1645 923
1646 923
1647 923
1648 923
1649 923
1650 923
1651 923
1652 923
1653 928
1654 928
1655 928
1656 928
1657 928
1658 928
1659 928
1660 928
1661 928
1662 933
1663 933
1664 933
1665 933
1666 933
1667 933
1668 933
1669 933
1670 933
1671 933
1672 938
1673 938
1674 938
1675 938
1676 938
1677 938
1678 938
1679 938
1680 938
1681 943
1682 943
1683 943
1684 943
1685 943
1686 943
1687 943
1688 943
1689 943
1690 948
1691 948
1692 948
1693 948
1694 948
1695 948
1696 948
1697 948
1698 953
1699 953
1700 953
1701 953
1702 953
1703 953
1704 953
1705 953
1706 953
1707 958
1708 958
1709 958
1710 958
1711 958
1712 958
1713 958
1714 958
1715 963
1716 963
1717 963
1718 963
1719 963
1720 963
1721 963
1722 963
1723 968
1724 968
1725 968
1726 968
1727 968
1728 968
1729 968
1730 973
1731 973
1732 973
1733 973
1734 973
1735 973
1736 973
1737 978
1738 978
1739 978
1740 978
1741 978
1742 978
1743 978
1744 983
1745 983
1746 983
1747 983
1748 983
1749 983
1750 983
1751 988
1752 988
1753 988
1754 988
1755 988
1756 988
1757 993
1758 993
1759 993
1760 993
1761 993
1762 993
1763 998
1764 998
1765 998
1766 998
1767 998
1768 998
1769 1003
1770 1003
1771 1003
1772 1003
1773 1003
1774 1003
1775 1008
1776 1008
1777 1008
1778 1008
1779 1008
1780 1013
1781 1013
1782 1013
1783 1013
1784 1013
1785 1013
1786 1018
1787 1018
1788 1018
1789 1018
1790 1018
1791 1023
1792 1023
1793 1023
1794 1023
1795 1023
1796 1023
1797 1023
1798 1023
1799 1023
1800 1023
1801 1023
1802 1023
1803 1023
1804 1023
1805 1023
1806 1023
1807 1023
1808 1023
1809 1023
1810 1023
1811 1023
1812 1023
1813 1023
1814 1023
1815 1023
1816 1023
1817 1023
1818 1023
1819 1023
1820 1023
1821 1023
1822 1023
1823 1023
1824 1023
1825 1023
1826 1023
1827 1023
1828 1023
1829 1023
1830 1023
1831 1023
1832 1023
1833 1023
1834 1023
1835 1023
1836 1023
1837 1023
1838 1023
1839 1023
1840 1023
1841 1023
1842 1023
1843 1023
1844 1023
1845 1023
1846 1023
1847 1023
1848 1023
1849 1023
1850 1023
1851 1023
1852 1023
1853 1023
1854 1023
1855 1023
1856 1023
1857 1023
1858 1023
1859 1023
1860 1023
1861 1023
1862 1023
1863 1023
1864 1023
1865 1023
1866 1023
1867 1023
1868 1023
1869 1023
1870 1023
1871 1023
1872 1023
1873 1023
1874 1023
1875 1023
1876 1023
1877 1023
1878 1023
1879 1023
1880 1023
1881 1023
1882 1023
1883 1023
1884 1023
1885 1023
1886 1023
1887 1023
1888 1023
1889 1023
1890 1023
1891 1023
1892 1023
1893 1023
1894 1023
1895 1023
1896 1023
1897 1023
1898 1023
1899 1023
1900 1023
1901 1023
1902 1023
1903 1023
1904 1023
1905 1023
1906 1023
1907 1023
1908 1023
1909 1023
1910 1023
1911 1023
1912 1023
1913 1023
1914 1023
1915 1023
1916 1023
1917 1023
1918 1023
1919 1023
1920 1023
1921 1023
1922 1023
1923 1023
1924 1023
1925 1023
1926 1023
1927 1023
1928 1023
1929 1023
1930 1023
1931 1023
1932 1023
1933 1023
1934 1023
1935 1023
1936 1023
1937 1023
1938 1023
1939 1023
1940 1023
1941 1023
1942 1023
1943 1023
1944 1023
1945 1023
1946 1023
1947 1023
1948 1023
1949 1023
1950 1023
1951 1023
1952 1023
1953 1023
1954 1023
1955 1023
1956 1023
1957 1023
1958 1023
1959 1023
1960 1023
1961 1023
1962 1023
1963 1023
1964 1023
1965 1023
1966 1023
1967 1023
1968 1023
1969 1023
1970 1023
1971 1023
1972 1023
1973 1023
1974 1023
1975 1023
1976 1023
1977 1023
1978 1023
1979 1023
1980 1023
1981 1023
1982 1023
1983 1023
1984 1023
1985 1023
1986 1023
1987 1023
1988 1023
1989 1023
1990 1023
1991 1023
1992 1023
1993 1023
1994 1023
1995 1023
1996 1023
1997 1023
1998 1023
1999 1023
2000 1023
2001 1023
2002 1023
2003 1023
2004 1023
2005 1023
2006 1023
2007 1023
2008 1023
2009 1023
2010 1023
2011 1023
2012 1023
2013 1023
2014 1023
2015 1023
2016 1023
2017 1023
2018 1023
2019 1023
2020 1023
2021 1023
2022 1023
2023 1023
2024 1023
2025 1023
2026 1023
2027 1023
2028 1023
2029 1023
2030 1023
2031 1023
2032 1023
2033 1023
2034 1023
2035 1023
2036 1023
2037 1023
2038 1023
2039 1023
2040 1023
2041 1023
2042 1023
2043 1023
2044 1023
2045 1023
2046 1023
2047 1023
2048 1023
2049 1023
2050 1023
2051 1023
2052 1023
2053 1023
2054 1023
2055 1023
2056 1023
2057 1023
2058 1023
2059 1023
2060 1023
2061 1023
2062 1023
2063 1023
2064 1023
2065 1023
2066 1023
2067 1023
2068 1023
2069 1023
2070 1023
2071 1023
2072 1023
2073 1023
2074 1023
2075 1023
2076 1023
2077 1023
2078 1023
2079 1023
2080 1023
2081 1023
2082 1023
2083 1023
2084 1023
2085 1023
2086 1023
2087 1023
2088 1023
2089 1023
2090 1023
2091 1023
2092 1023
2093 1023
2094 1023
2095 1023
2096 1023
2097 1023
2098 1023
2099 1023
2100 1023
2101 1023
2102 1023
2103 1023
2104 1023
2105 1023
2106 1023
2107 1023
2108 1023
2109 1023
2110 1023
2111 1023
2112 1023
2113 1023
2114 1023
2115 1023
2116 1023
2117 1023
2118 1023
2119 1023
2120 1023
2121 1023
2122 1023
2123 1023
2124 1023
2125 1023
2126 1023
2127 1023
2128 1023
2129 1023
2130 1023
2131 1023
2132 1023
2133 1023
2134 1023
2135 1023
2136 1023
2137 1023
2138 1023
2139 1023
2140 1023
2141 1023
2142 1023
2143 1023
2144 1023
2145 1023
2146 1023
2147 1023
2148 1023
2149 1023
2150 1023
2151 1023
2152 1023
2153 1023
2154 1023
2155 1023
2156 1023
2157 1023
2158 1023
2159 1023
2160 1023
2161 1023
2162 1023
2163 1023
2164 1023
2165 1023
2166 1023
2167 1023
2168 1023
2169 1023
2170 1023
2171 1023
2172 1023
2173 1023
2174 1023
2175 1023
2176 1023
2177 1023
2178 1023
2179 1023
2180 1023
2181 1023
2182 1023
2183 1023
2184 1023
2185 1023
2186 1023
2187 1023
2188 1023
2189 1023
2190 1023
2191 1023
2192 1023
2193 1023
2194 1023
2195 1023
2196 1023
2197 1023
2198 1023
2199 1023
2200 1023
2201 1023
2202 1023
2203 1023
2204 1023
2205 1023
2206 1023
2207 1023
2208 1023
2209 1023
2210 1023
2211 1023
2212 1023
2213 1023
2214 1023
2215 1023
2216 1023
2217 1023
2218 1023
2219 1023
2220 1023
2221 1023
2222 1023
2223 1023
2224 1023
2225 1023
2226 1023
2227 1023
2228 1023
2229 1023
2230 1023
2231 1023
2232 1023
2233 1023
2234 1023
2235 1023
2236 1023
2237 1023
2238 1023
2239 1023
2240 1023
2241 1023
2242 1023
2243 1023
2244 1023
2245 1023
2246 1023
2247 1023
2248 1023
2249 1023
2250 1023
2251 1023
2252 1023
2253 1023
2254 1023
2255 1023
2256 1023
2257 1023
2258 1023
2259 1023
2260 1023
2261 1023
2262 1023
2263 1023
2264 1023
2265 1023
2266 1023
2267 1023
2268 1023
2269 1023
2270 1023
2271 1023
2272 1023
2273 1023
2274 1023
2275 1023
2276 1023
2277 1023
2278 1023
2279 1023
2280 1023
2281 1023
2282 1023
2283 1023
2284 1023
2285 1023
2286 1023
2287 1023
2288 1023
2289 1023
2290 1023
2291 1023
2292 1023
2293 1023
2294 1023
2295 1023
2296 1023
2297 1023
2298 1023
2299 1023
2300 1023
2301 1023
2302 1023
2303 1023
2304 1023
2305 1023
2306 1023
2307 1023
2308 1023
2309 1023
2310 1023
2311 1023
2312 1023
2313 1023
2314 1023
2315 1023
2316 1023
2317 1023
2318 1023
2319 1023
2320 1023
2321 1023
2322 1023
2323 1023
2324 1023
2325 1023
2326 1023
2327 1023
2328 1023
2329 1023
2330 1023
2331 1023
2332 1023
2333 1023
2334 1023
2335 1023
2336 1023
2337 1023
2338 1023
2339 1023
2340 1023
2341 1023
2342 1023
2343 1023
2344 1023
2345 1023
2346 1023
2347 1023
2348 1023
2349 1023
2350 1023
2351 1023
2352 1023
2353 1023
2354 1023
2355 1023
2356 1023
2357 1023
2358 1023
2359 1023
2360 1023
2361 1023
2362 1023
2363 1023
2364 1023
2365 1023
2366 1023
2367 1023
2368 1023
2369 1023
2370 1023
2371 1023
2372 1023
2373 1023
2374 1023
2375 1023
2376 1023
2377 1023
2378 1023
2379 1023
2380 1023
2381 1023
2382 1023
2383 1023
2384 1023
2385 1023
2386 1023
2387 1023
2388 1023
2389 1023
2390 1023
2391 1023
2392 1023
2393 1023
2394 1023
2395 1023
2396 1023
2397 1023
2398 1023
2399 1023
2400 1023
2401 1023
2402 1023
2403 1023
2404 1023
2405 1023
2406 1023
2407 1023
2408 1023
2409 1023
2410 1023
2411 1023
2412 1023
2413 1023
2414 1023
2415 1023
2416 1023
2417 1023
2418 1023
2419 1023
2420 1023
2421 1023
2422 1023
2423 1023
2424 1023
2425 1023
2426 1023
2427 1023
2428 1023
2429 1023
2430 1023
2431 1023
2432 1023
2433 1023
2434 1023
2435 1023
2436 1023
2437 1023
2438 1023
2439 1023
2440 1023
2441 1023
2442 1023
2443 1023
2444 1023
2445 1023
2446 1023
2447 1023
2448 1023
2449 1023
2450 1023
2451 1023
2452 1023
2453 1023
2454 1023
2455 1023
2456 1023
2457 1023
2458 1023
2459 1023
2460 1023
2461 1023
2462 1023
2463 1023
2464 1023
2465 1023
2466 1023
2467 1023
2468 1023
2469 1023
2470 1023
2471 1023
2472 1023
2473 1023
2474 1023
2475 1023
2476 1023
2477 1023
2478 1023
2479 1023
2480 1023
2481 1023
2482 1023
2483 1023
2484 1023
2485 1023
2486 1023
2487 1023
2488 1023
2489 1023
2490 1023
2491 1023
2492 1023
2493 1023
2494 1023
2495 1023
2496 1023
2497 1023
2498 1023
2499 1023
2500 1023
2501 1023
2502 1023
2503 1023
2504 1023
2505 1023
2506 1023
2507 1023
2508 1023
2509 1023
2510 1023
2511 1023
2512 1023
2513 1023
2514 1023
2515 1023
2516 1023
2517 1023
2518 1023
2519 1023
2520 1023
2521 1023
2522 1023
2523 1023
2524 1023
2525 1023
2526 1023
2527 1023
2528 1023
2529 1023
2530 1023
2531 1023
2532 1023
2533 1023
2534 1023
2535 1023
2536 1023
2537 1023
2538 1023
2539 1023
2540 1023
2541 1023
2542 1023
2543 1023
2544 1023
2545 1023
2546 1023
2547 1023
2548 1023
2549 1023
2550 1023
2551 1023
2552 1023
2553 1023
2554 1023
2555 1023
2556 1023
2557 1023
2558 1023
2559 1023
2560 1023
2561 1023
2562 1023
2563 1023
2564 1023
2565 1023
2566 1023
2567 1023
2568 1023
2569 1023
2570 1023
2571 1023
2572 1023
2573 1023
2574 1023
2575 1023
2576 1023
2577 1023
2578 1023
2579 1023
2580 1023
2581 1023
2582 1023
2583 1023
2584 1023
2585 1023
2586 1023
2587 1023
2588 1023
2589 1023
2590 1023
2591 1023
2592 1023
2593 1023
2594 1023
2595 1023
2596 1023
2597 1023
2598 1023
2599 1023
2600 1023
2601 1023
2602 1023
2603 1023
2604 1023
2605 1023
2606 1023
2607 1023
2608 1023
2609 1023
2610 1023
2611 1023
2612 1023
2613 1023
2614 1023
2615 1023
2616 1023
2617 1023
2618 1023
2619 1023
2620 1023
2621 1023
2622 1023
2623 1023
2624 1023
2625 1023
2626 1023
2627 1023
2628 1023
2629 1023
2630 1023
2631 1023
2632 1023
2633 1023
2634 1023
2635 1023
2636 1023
2637 1023
2638 1023
2639 1023
2640 1023
2641 1023
2642 1023
2643 1023
2644 1023
2645 1023
2646 1023
2647 1023
2648 1023
2649 1023
2650 1023
2651 1023
2652 1023
2653 1023
2654 1023
2655 1023
2656 1023
2657 1023
2658 1023
2659 1023
2660 1023
2661 1023
2662 1023
2663 1023
2664 1023
2665 1023
2666 1023
2667 1023
2668 1023
2669 1023
2670 1023
2671 1023
2672 1023
2673 1023
2674 1023
2675 1023
2676 1023
2677 1023
2678 1023
2679 1023
2680 1023
2681 1023
2682 1023
2683 1023
2684 1023
2685 1023
2686 1023
2687 1023
2688 1023
2689 1023
2690 1023
2691 1023
2692 1023
2693 1023
2694 1023
2695 1023
2696 1023
2697 1023
2698 1023
2699 1023
2700 1023
2701 1023
2702 1023
2703 1023
2704 1023
2705 1023
2706 1023
2707 1023
2708 1023
2709 1023
2710 1023
2711 1023
2712 1023
2713 1023
2714 1023
2715 1023
2716 1023
2717 1023
2718 1023
2719 1023
2720 1023
2721 1023
2722 1023
2723 1023
2724 1023
2725 1023
2726 1023
2727 1023
2728 1023
2729 1023
2730 1023
2731 1023
2732 1023
2733 1023
2734 1023
2735 1023
2736 1023
2737 1023
2738 1023
2739 1023
2740 1023
2741 1023
2742 1023
2743 1023
2744 1023
2745 1023
2746 1023
2747 1023
2748 1023
2749 1023
2750 1023
2751 1023
2752 1023
2753 1023
2754 1023
2755 1023
2756 1023
2757 1023
2758 1023
2759 1023
2760 1023
2761 1023
2762 1023
2763 1023
2764 1023
2765 1023
2766 1023
2767 1023
2768 1023
2769 1023
2770 1023
2771 1023
2772 1023
2773 1023
2774 1023
2775 1023
2776 1023
2777 1023
2778 1023
2779 1023
2780 1023
2781 1023
2782 1023
2783 1023
2784 1023
2785 1023
2786 1023
2787 1023
2788 1023
2789 1023
2790 1023
2791 1023
2792 1023
2793 1023
2794 1023
2795 1023
2796 1023
2797 1023
2798 1023
2799 1023
2800 1023
2801 1023
2802 1023
2803 1023
2804 1023
2805 1023
2806 1023
2807 1023
2808 1023
2809 1023
2810 1023
2811 1023
2812 1023
2813 1023
2814 1023
2815 1023
2816 1023
2817 1023
2818 1023
2819 1023
2820 1023
2821 1023
2822 1023
2823 1023
2824 1023
2825 1023
2826 1023
2827 1023
2828 1023
2829 1023
2830 1023
2831 1023
2832 1023
2833 1023
2834 1023
2835 1023
2836 1023
2837 1023
2838 1023
2839 1023
2840 1023
2841 1023
2842 1023
2843 1023
2844 1023
2845 1023
2846 1023
2847 1023
2848 1023
2849 1023
2850 1023
2851 1023
2852 1023
2853 1023
2854 1023
2855 1023
2856 1023
2857 1023
2858 1023
2859 1023
2860 1023
2861 1023
2862 1023
2863 1023
2864 1023
2865 1023
2866 1023
2867 1023
2868 1023
2869 1023
2870 1023
2871 1023
2872 1023
2873 1023
2874 1023
2875 1023
2876 1023
2877 1023
2878 1023
2879 1023
2880 1023
2881 1023
2882 1023
2883 1023
2884 1023
2885 1023
2886 1023
2887 1023
2888 1023
2889 1023
2890 1023
2891 1023
2892 1023
2893 1023
2894 1023
2895 1023
2896 1023
2897 1023
2898 1023
2899 1023
2900 1023
2901 1023
2902 1023
2903 1023
2904 1023
2905 1023
2906 1023
2907 1023
2908 1023
2909 1023
2910 1023
2911 1023
2912 1023
2913 1023
2914 1023
2915 1023
2916 1023
2917 1023
2918 1023
2919 1023
2920 1023
2921 1023
2922 1023
2923 1023
2924 1023
2925 1023
2926 1023
2927 1023
2928 1023
2929 1023
2930 1023
2931 1023
2932 1023
2933 1023
2934 1023
2935 1023
2936 1023
2937 1023
2938 1023
2939 1023
2940 1023
2941 1023
2942 1023
2943 1023
2944 1023
2945 1023
2946 1023
2947 1023
2948 1023
2949 1023
2950 1023
2951 1023
2952 1023
2953 1023
2954 1023
2955 1023
2956 1023
2957 1023
2958 1023
2959 1023
2960 1023
2961 1023
2962 1023
2963 1023
2964 1023
2965 1023
2966 1023
2967 1023
2968 1023
2969 1023
2970 1023
2971 1023
2972 1023
2973 1023
2974 1023
2975 1023
2976 1023
2977 1023
2978 1023
2979 1023
2980 1023
2981 1023
2982 1023
2983 1023
2984 1023
2985 1023
2986 1023
2987 1023
2988 1023
2989 1023
2990 1023
2991 1023
2992 1023
2993 1023
2994 1023
2995 1023
2996 1023
2997 1023
2998 1023
2999 1023
3000 1023
3001 1023
3002 1023
3003 1023
3004 1023
3005 1023
3006 1023
3007 1023
3008 1023
3009 1023
3010 1023
3011 1023
3012 1023
3013 1023
3014 1023
3015 1023
3016 1023
3017 1023
3018 1023
3019 1023
3020 1023
3021 1023
3022 1023
3023 1023
3024 1023
3025 1023
3026 1023
3027 1023
3028 1023
3029 1023
3030 1023
3031 1023
3032 1023
3033 1023
3034 1023
3035 1023
3036 1023
3037 1023
3038 1023
3039 1023
3040 1023
3041 1023
3042 1023
3043 1023
3044 1023
3045 1023
3046 1023
3047 1023
3048 1023
3049 1023
3050 1023
3051 1023
3052 1023
3053 1023
3054 1023
3055 1023
3056 1023
3057 1023
3058 1023
3059 1023
3060 1023
3061 1023
3062 1023
3063 1023
3064 1023
3065 1023
3066 1023
3067 1023
3068 1023
3069 1023
3070 1023
3071 1023
3072 1023
3073 1023
3074 1023
3075 1023
3076 1023
3077 1023
3078 1023
3079 1023
3080 1023
3081 1023
3082 1023
3083 1023
3084 1023
3085 1023
3086 1023
3087 1023
3088 1023
3089 1023
3090 1023
3091 1023
3092 1023
3093 1023
3094 1023
3095 1023
3096 1023
3097 1023
3098 1023
3099 1023
3100 1023
3101 1023
3102 1023
3103 1023
3104 1023
3105 1023
3106 1023
3107 1023
3108 1023
3109 1023
3110 1023
3111 1023
3112 1023
3113 1023
3114 1023
3115 1023
3116 1023
3117 1023
3118 1023
3119 1023
3120 1023
3121 1023
3122 1023
3123 1023
3124 1023
3125 1023
3126 1023
3127 1023
3128 1023
3129 1023
3130 1023
3131 1023
3132 1023
3133 1023
3134 1023
3135 1023
3136 1023
3137 1023
3138 1023
3139 1023
3140 1023
3141 1023
3142 1023
3143 1023
3144 1023
3145 1023
3146 1023
3147 1023
3148 1023
3149 1023
3150 1023
3151 1023
3152 1023
3153 1023
3154 1023
3155 1023
3156 1023
3157 1023
3158 1023
3159 1023
3160 1023
3161 1023
3162 1023
3163 1023
3164 1023
3165 1023
3166 1023
3167 1023
3168 1023
3169 1023
3170 1023
3171 1023
3172 1023
3173 1023
3174 1023
3175 1023
3176 1023
3177 1023
3178 1023
3179 1023
3180 1023
3181 1023
3182 1023
3183 1023
3184 1023
3185 1023
3186 1023
3187 1023
3188 1023
3189 1023
3190 1023
3191 1023
3192 1023
3193 1023
3194 1023
3195 1023
3196 1023
3197 1023
3198 1023
3199 1023
3200 1023
3201 1023
3202 1023
3203 1023
3204 1023
3205 1023
3206 1023
3207 1023
3208 1023
3209 1023
3210 1023
3211 1023
3212 1023
3213 1023
3214 1023
3215 1023
3216 1023
3217 1023
3218 1023
3219 1023
3220 1023
3221 1023
3222 1023
3223 1023
3224 1023
3225 1023
3226 1023
3227 1023
3228 1023
3229 1023
3230 1023
3231 1023
3232 1023
3233 1023
3234 1023
3235 1023
3236 1023
3237 1023
3238 1023
3239 1023
3240 1023
3241 1023
3242 1023
3243 1023
3244 1023
3245 1023
3246 1023
3247 1023
3248 1023
3249 1023
3250 1023
3251 1023
3252 1023
3253 1023
3254 1023
3255 1023
3256 1023
3257 1023
3258 1023
3259 1023
3260 1023
3261 1023
3262 1023
3263 1023
3264 1023
3265 1023
3266 1023
3267 1023
3268 1023
3269 1023
3270 1023
3271 1023
3272 1023
3273 1023
3274 1023
3275 1023
3276 1023
3277 1023
3278 1023
3279 1023
3280 1023
3281 1023
3282 1023
3283 1023
3284 1023
3285 1023
3286 1023
3287 1023
3288 1023
3289 1023
3290 1023
3291 1023
3292 1023
3293 1023
3294 1023
3295 1023
3296 1023
3297 1023
3298 1023
3299 1023
3300 1023
3301 1023
3302 1023
3303 1023
3304 1023
3305 1023
3306 1023
3307 1023
3308 1023
3309 1023
3310 1023
3311 1023
3312 1023
3313 1023
3314 1023
3315 1023
3316 1023
3317 1023
3318 1023
3319 1023
3320 1023
3321 1023
3322 1023
3323 1023
3324 1023
3325 1023
3326 1023
3327 1023
3328 1023
3329 1023
3330 1023
3331 1023
3332 1023
3333 1023
3334 1023
3335 1023
3336 1023
3337 1023
3338 1023
3339 1023
3340 1023
3341 1023
3342 1023
3343 1023
3344 1023
3345 1023
3346 1023
3347 1023
3348 1023
3349 1023
3350 1023
3351 1023
3352 1023
3353 1023
3354 1023
3355 1023
3356 1023
3357 1023
3358 1023
3359 1023
3360 1023
3361 1023
3362 1023
3363 1023
3364 1023
3365 1023
3366 1023
3367 1023
3368 1023
3369 1023
3370 1023
3371 1023
3372 1023
3373 1023
3374 1023
3375 1023
3376 1023
3377 1023
3378 1023
3379 1023
3380 1023
3381 1023
3382 1023
3383 1023
3384 1023
3385 1023
3386 1023
3387 1023
3388 1023
3389 1023
3390 1023
3391 1023
3392 1023
3393 1023
3394 1023
3395 1023
3396 1023
3397 1023
3398 1023
3399 1023
3400 1023
3401 1023
3402 1023
3403 1023
3404 1023
3405 1023
3406 1023
3407 1023
3408 1023
3409 1023
3410 1023
3411 1023
3412 1023
3413 1023
3414 1023
3415 1023
3416 1023
3417 1023
3418 1023
3419 1023
3420 1023
3421 1023
3422 1023
3423 1023
3424 1023
3425 1023
3426 1023
3427 1023
3428 1023
3429 1023
3430 1023
3431 1023
3432 1023
3433 1023
3434 1023
3435 1023
3436 1023
3437 1023
3438 1023
3439 1023
3440 1023
3441 1023
3442 1023
3443 1023
3444 1023
3445 1023
3446 1023
3447 1023
3448 1023
3449 1023
3450 1023
3451 1023
3452 1023
3453 1023
3454 1023
3455 1023
3456 1023
3457 1023
3458 1023
3459 1023
3460 1023
3461 1023
3462 1023
3463 1023
3464 1023
3465 1023
3466 1023
3467 1023
3468 1023
3469 1023
3470 1023
3471 1023
3472 1023
3473 1023
3474 1023
3475 1023
3476 1023
3477 1023
3478 1023
3479 1023
3480 1023
3481 1023
3482 1023
3483 1023
3484 1023
3485 1023
3486 1023
3487 1023
3488 1023
3489 1023
3490 1023
3491 1023
3492 1023
3493 1023
3494 1023
3495 1023
3496 1023
3497 1023
3498 1023
3499 1023
3500 1023
3501 1023
3502 1023
3503 1023
3504 1023
3505 1023
3506 1023
3507 1023
3508 1023
3509 1023
3510 1023
3511 1023
3512 1023
3513 1023
3514 1023
3515 1023
3516 1023
3517 1023
3518 1023
3519 1023
3520 1023
3521 1023
3522 1023
3523 1023
3524 1023
3525 1023
3526 1023
3527 1023
3528 1023
3529 1023
3530 1023
3531 1023
3532 1023
3533 1023
3534 1023
3535 1023
3536 1023
3537 1023
3538 1023
3539 1023
3540 1023
3541 1023
3542 1023
3543 1023
3544 1023
3545 1023
3546 1023
3547 1023
3548 1023
3549 1023
3550 1023
3551 1023
3552 1023
3553 1023
3554 1023
3555 1023
3556 1023
3557 1023
3558 1023
3559 1023
3560 1023
3561 1023
3562 1023
3563 1023
3564 1023
3565 1023
3566 1023
3567 1023
3568 1023
3569 1023
3570 1023
3571 1023
3572 1023
3573 1023
3574 1023
3575 1023
3576 1023
3577 1023
3578 1023
3579 1023
3580 1023
3581 1023
3582 1023
3583 1023
3584 1023
3585 1023
3586 1023
3587 1023
3588 1023
3589 1023
3590 1023
3591 1023
3592 1023
3593 1023
3594 1023
3595 1023
3596 1023
3597 1023
3598 1023
3599 1023
3600 1023
3601 1023
3602 1023
3603 1023
3604 1023
3605 1023
3606 1023
3607 1023
3608 1023
3609 1023
3610 1023
3611 1023
3612 1023
3613 1023
3614 1023
3615 1023
3616 1023
3617 1023
3618 1023
3619 1023
3620 1023
3621 1023
3622 1023
3623 1023
3624 1023
3625 1023
3626 1023
3627 1023
3628 1023
3629 1023
3630 1023
3631 1023
3632 1023
3633 1023
3634 1023
3635 1023
3636 1023
3637 1023
3638 1023
3639 1023
3640 1023
3641 1023
3642 1023
3643 1023
3644 1023
3645 1023
3646 1023
3647 1023
3648 1023
3649 1023
3650 1023
3651 1023
3652 1023
3653 1023
3654 1023
3655 1023
3656 1023
3657 1023
3658 1023
3659 1023
3660 1023
3661 1023
3662 1023
3663 1023
3664 1023
3665 1023
3666 1023
3667 1023
3668 1023
3669 1023
3670 1023
3671 1023
3672 1023
3673 1023
3674 1023
3675 1023
3676 1023
3677 1023
3678 1023
3679 1023
3680 1023
3681 1023
3682 1023
3683 1023
3684 1023
3685 1023
3686 1023
3687 1023
3688 1023
3689 1023
3690 1023
3691 1023
3692 1023
3693 1023
3694 1023
3695 1023
3696 1023
3697 1023
3698 1023
3699 1023
3700 1023
3701 1023
3702 1023
3703 1023
3704 1023
3705 1023
3706 1023
3707 1023
3708 1023
3709 1023
3710 1023
3711 1023
3712 1023
3713 1023
3714 1023
3715 1023
3716 1023
3717 1023
3718 1023
3719 1023
3720 1023
3721 1023
3722 1023
3723 1023
3724 1023
3725 1023
3726 1023
3727 1023
3728 1023
3729 1023
3730 1023
3731 1023
3732 1023
3733 1023
3734 1023
3735 1023
3736 1023
3737 1023
3738 1023
3739 1023
3740 1023
3741 1023
3742 1023
3743 1023
3744 1023
3745 1023
3746 1023
3747 1023
3748 1023
3749 1023
3750 1023
3751 1023
3752 1023
3753 1023
3754 1023
3755 1023
3756 1023
3757 1023
3758 1023
3759 1023
3760 1023
3761 1023
3762 1023
3763 1023
3764 1023
3765 1023
3766 1023
3767 1023
3768 1023
3769 1023
3770 1023
3771 1023
3772 1023
3773 1023
3774 1023
3775 1023
3776 1023
3777 1023
3778 1023
3779 1023
3780 1023
3781 1023
3782 1023
3783 1023
3784 1023
3785 1023
3786 1023
3787 1023
3788 1023
3789 1023
3790 1023
3791 1023
3792 1023
3793 1023
3794 1023
3795 1023
3796 1023
3797 1023
3798 1023
3799 1023
3800 1023
3801 1023
3802 1023
3803 1023
3804 1023
3805 1023
3806 1023
3807 1023
3808 1023
3809 1023
3810 1023
3811 1023
3812 1023
3813 1023
3814 1023
3815 1023
3816 1023
3817 1023
3818 1023
3819 1023
3820 1023
3821 1023
3822 1023
3823 1023
3824 1023
3825 1023
3826 1023
3827 1023
3828 1023
3829 1023
3830 1023
3831 1023
3832 1023
3833 1023
3834 1023
3835 1023
3836 1023
3837 1023
3838 1023
3839 1023
3840 1023
3841 1023
3842 1023
3843 1023
3844 1023
3845 1023
3846 1023
3847 1023
3848 1023
3849 1023
3850 1023
3851 1023
3852 1023
3853 1023
3854 1023
3855 1023
3856 1023
3857 1023
3858 1023
3859 1023
3860 1023
3861 1023
3862 1023
3863 1023
3864 1023
3865 1023
3866 1023
3867 1023
3868 1023
3869 1023
3870 1023
3871 1023
3872 1023
3873 1023
3874 1023
3875 1023
3876 1023
3877 1023
3878 1023
3879 1023
3880 1023
3881 1023
3882 1023
3883 1023
3884 1023
3885 1023
3886 1023
3887 1023
3888 1023
3889 1023
3890 1023
3891 1023
3892 1023
3893 1023
3894 1023
3895 1023
3896 1023
3897 1023
3898 1023
3899 1023
3900 1023
3901 1023
3902 1023
3903 1023
3904 1023
3905 1023
3906 1023
3907 1023
3908 1023
3909 1023
3910 1023
3911 1023
3912 1023
3913 1023
3914 1023
3915 1023
3916 1023
3917 1023
3918 1023
3919 1023
3920 1023
3921 1023
3922 1023
3923 1023
3924 1023
3925 1023
3926 1023
3927 1023
3928 1023
3929 1023
3930 1023
3931 1023
3932 1023
3933 1023
3934 1023
3935 1023
3936 1023
3937 1023
3938 1023
3939 1023
3940 1023
3941 1023
3942 1023
3943 1023
3944 1023
3945 1023
3946 1023
3947 1023
3948 1023
3949 1023
3950 1023
3951 1023
3952 1023
3953 1023
3954 1023
3955 1023
3956 1023
3957 1023
3958 1023
3959 1023
3960 1023
3961 1023
3962 1023
3963 1023
3964 1023
3965 1023
3966 1023
3967 1023
3968 1023
3969 1023
3970 1023
3971 1023
3972 1023
3973 1023
3974 1023
3975 1023
3976 1023
3977 1023
3978 1023
3979 1023
3980 1023
3981 1023
3982 1023
3983 1023
3984 1023
3985 1023
3986 1023
3987 1023
3988 1023
3989 1023
3990 1023
3991 1023
3992 1023
3993 1023
3994 1023
3995 1023
3996 1023
3997 1023
3998 1023
3999 1023
4000 1023
4001 1023
4002 1023
4003 1023
4004 1023
4005 1023
4006 1023
4007 1023
4008 1023
4009 1023
4010 1023
4011 1023
4012 1023
4013 1023
4014 1023
4015 1023
4016 1023
4017 1023
4018 1023
4019 1023
4020 1023
4021 1023
4022 1023
4023 1023
4024 1023
4025 1023
4026 1023
4027 1023
4028 1023
4029 1023
4030 1023
4031 1023
4032 1023
4033 1023
4034 1023
4035 1023
4036 1023
4037 1023
4038 1023
4039 1023
4040 1023
4041 1023
4042 1023
4043 1023
4044 1023
4045 1023
4046 1023
4047 1023
4048 1023
4049 1023
4050 1023
4051 1023
4052 1023
4053 1023
4054 1023
4055 1023
4056 1023
4057 1023
4058 1023
4059 1023
4060 1023
4061 1023
4062 1023
4063 1023
4064 1023
4065 1023
4066 1023
4067 1023
4068 1023
4069 1023
4070 1023
4071 1023
4072 1023
4073 1023
4074 1023
4075 1023
4076 1023
4077 1023
4078 1023
4079 1023
4080 1023
4081 1023
4082 1023
4083 1023
4084 1023
4085 1023
4086 1023
4087 1023
4088 1023
4089 1023
4090 1023
4091 1023
4092 1023
4093 1023
4094 1023
4095 1023
