0 0
1 0
2 0
3 0
4 0
5 0
6 0
7 0
8 0
9 17
10 269
11 269
12 274
13 274
14 274
15 445
16 445
17 279
18 279
19 279
20 285
21 285
22 285
23 285
24 440
25 440
26 290
27 290
28 290
29 643
30 643
31 295
32 295
33 434
34 434
35 301
36 301
37 301
38 306
39 306
40 306
41 306
42 429
43 429
44 311
45 311
46 311
47 317
48 317
49 317
50 424
51 424
52 322
53 322
54 322
55 327
56 327
57 418
58 418
59 333
60 333
61 333
62 413
63 413
64 338
65 338
66 408
67 343
68 343
69 349
70 349
71 402
72 354
73 397
74 359
75 392
76 365
77 386
78 376
79 376
80 648
81 648
82 648
83 648
84 648
85 648
86 648
87 648
88 648
89 648
90 648
91 648
92 648
93 648
94 648
95 648
96 648
97 648
98 648
99 648
100 648
101 648
102 648
103 648
104 648
105 648
106 648
107 648
108 654
109 654
110 654
111 654
112 654
113 654
114 654
115 654
116 654
117 654
118 654
119 654
120 654
121 654
122 654
123 654
124 654
125 654
126 654
127 654
128 654
129 654
130 654
131 654
132 654
133 654
134 654
135 654
136 654
137 654
138 654
139 654
140 654
141 654
142 654
143 654
144 654
145 654
146 654
147 654
148 654
149 654
150 654
151 654
152 654
153 654
154 654
155 654
156 654
157 654
158 654
159 654
160 654
161 654
162 654
163 659
164 659
165 659
166 659
167 659
168 659
169 659
170 659
171 659
172 659
173 659
174 659
175 659
176 659
177 659
178 659
179 659
180 659
181 659
182 659
183 659
184 659
185 659
186 659
187 659
188 659
189 659
190 659
191 659
192 659
193 659
194 659
195 659
196 659
197 659
198 659
199 659
200 659
201 659
202 659
203 659
204 659
205 659
206 659
207 659
208 659
209 659
210 659
211 659
212 659
213 659
214 659
215 659
216 659
217 659
218 659
219 659
220 659
221 664
222 664
223 664
224 664
225 664
226 664
227 664
228 664
229 664
230 664
231 664
232 664
233 664
234 664
235 664
236 664
237 664
238 664
239 664
240 664
241 664
242 664
243 664
244 664
245 664
246 664
247 664
248 664
249 664
250 664
251 664
252 664
253 664
254 664
255 664
256 664
257 664
258 664
259 664
260 664
261 664
262 664
263 664
264 664
265 664
266 664
267 664
268 664
269 664
270 664
271 664
272 664
273 664
274 664
275 664
276 664
277 664
278 664
279 664
280 664
281 670
282 670
283 670
284 670
285 670
286 670
287 670
288 670
289 670
290 670
291 670
292 670
293 670
294 670
295 670
296 670
297 670
298 670
299 670
300 670
301 670
302 670
303 670
304 670
305 670
306 670
307 670
308 670
309 670
310 670
311 670
312 670
313 670
314 670
315 670
316 670
317 670
318 670
319 670
320 670
321 670
322 670
323 670
324 670
325 670
326 670
327 670
328 670
329 670
330 670
331 670
332 670
333 670
334 670
335 670
336 670
337 670
338 670
339 670
340 670
341 670
342 670
343 670
344 675
345 675
346 675
347 675
348 675
349 675
350 675
351 675
352 675
353 675
354 675
355 675
356 675
357 675
358 675
359 675
360 675
361 675
362 675
363 675
364 675
365 675
366 675
367 675
368 675
369 675
370 675
371 675
372 675
373 675
374 675
375 675
376 675
377 675
378 675
379 675
380 675
381 675
382 675
383 675
384 675
385 675
386 675
387 675
388 675
389 675
390 675
391 675
392 675
393 675
394 675
395 675
396 675
397 675
398 675
399 675
400 675
401 675
402 675
403 675
404 675
405 675
406 675
407 675
408 680
409 680
410 680
411 680
412 680
413 680
414 680
415 680
416 680
417 680
418 680
419 680
420 680
421 680
422 680
423 680
424 680
425 680
426 680
427 680
428 680
429 680
430 680
431 680
432 680
433 680
434 680
435 680
436 680
437 680
438 680
439 680
440 680
441 680
442 680
443 680
444 680
445 680
446 680
447 680
448 680
449 680
450 680
451 680
452 680
453 680
454 680
455 680
456 680
457 680
458 680
459 680
460 680
461 680
462 680
463 680
464 680
465 680
466 680
467 680
468 680
469 680
470 680
471 680
472 680
473 686
474 686
475 686
476 686
477 686
478 686
479 686
480 686
481 686
482 686
483 686
484 686
485 686
486 686
487 686
488 686
489 686
490 686
491 686
492 686
493 686
494 686
495 686
496 686
497 686
498 686
499 686
500 686
501 686
502 686
503 686
504 686
505 686
506 686
507 686
508 686
509 686
510 686
511 686
512 686
513 686
514 686
515 686
516 686
517 686
518 686
519 686
520 686
521 686
522 686
523 686
524 686
525 686
526 686
527 686
528 686
529 686
530 686
531 686
532 686
533 686
534 686
535 686
536 686
537 686
538 691
539 691
540 691
541 691
542 691
543 691
544 691
545 691
546 691
547 691
548 691
549 691
550 691
551 691
552 691
553 691
554 691
555 691
556 691
557 691
558 691
559 691
560 691
561 691
562 691
563 691
564 691
565 691
566 691
567 691
568 691
569 691
570 691
571 691
572 691
573 691
574 691
575 691
576 691
577 691
578 691
579 691
580 691
581 691
582 691
583 691
584 691
585 691
586 691
587 691
588 691
589 691
590 691
591 691
592 691
593 691
594 691
595 691
596 691
597 691
598 691
599 691
600 691
601 691
602 691
603 691
604 696
605 696
606 696
607 696
608 696
609 696
610 696
611 696
612 696
613 696
614 696
615 696
616 696
617 696
618 696
619 696
620 696
621 696
622 696
623 696
624 696
625 696
626 696
627 696
628 696
629 696
630 696
631 696
632 696
633 696
634 696
635 696
636 696
637 696
638 696
639 696
640 696
641 696
642 696
643 696
644 696
645 696
646 696
647 696
648 696
649 696
650 696
651 696
652 696
653 696
654 696
655 696
656 696
657 696
658 696
659 696
660 696
661 696
662 696
663 696
664 696
665 696
666 696
667 696
668 696
669 702
670 702
671 702
672 702
673 702
674 702
675 702
676 702
677 702
678 702
679 702
680 702
681 702
682 702
683 702
684 702
685 702
686 702
687 702
688 702
689 702
690 702
691 702
692 702
693 702
694 702
695 702
696 702
697 702
698 702
699 702
700 702
701 702
702 702
703 702
704 702
705 702
706 702
707 702
708 702
709 702
710 702
711 702
712 702
713 702
714 702
715 702
716 702
717 702
718 702
719 702
720 702
721 702
722 702
723 702
724 702
725 702
726 702
727 702
728 702
729 702
730 702
731 702
732 702
733 707
734 707
735 707
736 707
737 707
738 707
739 707
740 707
741 707
742 707
743 707
744 707
745 707
746 707
747 707
748 707
749 707
750 707
751 707
752 707
753 707
754 707
755 707
756 707
757 707
758 707
759 707
760 707
761 707
762 707
763 707
764 707
765 707
766 707
767 707
768 707
769 707
770 707
771 707
772 707
773 707
774 707
775 707
776 707
777 707
778 707
779 707
780 707
781 707
782 707
783 707
784 707
785 707
786 707
787 707
788 707
789 707
790 707
791 707
792 707
793 707
794 707
795 707
796 712
797 712
798 712
799 712
800 712
801 712
802 712
803 712
804 712
805 712
806 712
807 712
808 712
809 712
810 712
811 712
812 712
813 712
814 712
815 712
816 712
817 712
818 712
819 712
820 712
821 712
822 712
823 712
824 712
825 712
826 712
827 712
828 712
829 712
830 712
831 712
832 712
833 712
834 712
835 712
836 712
837 712
838 712
839 712
840 712
841 712
842 712
843 712
844 712
845 712
846 712
847 712
848 712
849 712
850 712
851 712
852 712
853 712
854 712
855 712
856 712
857 718
858 718
859 718
860 718
861 718
862 718
863 718
864 718
865 718
866 718
867 718
868 718
869 718
870 718
871 718
872 718
873 718
874 718
875 718
876 718
877 718
878 718
879 718
880 718
881 718
882 718
883 718
884 718
885 718
886 718
887 718
888 718
889 718
890 718
891 718
892 718
893 718
894 718
895 718
896 718
897 718
898 718
899 718
900 718
901 718
902 718
903 718
904 718
905 718
906 718
907 718
908 718
909 718
910 718
911 718
912 718
913 718
914 718
915 723
916 723
917 723
918 723
919 723
920 723
921 723
922 723
923 723
924 723
925 723
926 723
927 723
928 723
929 723
930 723
931 723
932 723
933 723
934 723
935 723
936 723
937 723
938 723
939 723
940 723
941 723
942 723
943 723
944 723
945 723
946 723
947 723
948 723
949 723
950 723
951 723
952 723
953 723
954 723
955 723
956 723
957 723
958 723
959 723
960 723
961 723
962 723
963 723
964 723
965 723
966 723
967 723
968 723
969 723
970 723
971 728
972 728
973 728
974 728
975 728
976 728
977 728
978 728
979 728
980 728
981 728
982 728
983 728
984 728
985 728
986 728
987 728
988 728
989 728
990 728
991 728
992 728
993 728
994 728
995 728
996 728
997 728
998 728
999 728
1000 728
1001 728
1002 728
1003 728
1004 728
1005 728
1006 728
1007 728
1008 728
1009 728
1010 728
1011 728
1012 728
1013 728
1014 728
1015 728
1016 728
1017 728
1018 728
1019 728
1020 728
1021 728
1022 728
1023 734
1024 734
1025 734
1026 734
1027 734
1028 734
1029 734
1030 734
1031 734
1032 734
1033 734
1034 734
1035 734
1036 734
1037 734
1038 734
1039 734
1040 734
1041 734
1042 734
1043 734
1044 734
1045 734
1046 734
1047 734
1048 734
1049 734
1050 734
1051 734
1052 734
1053 734
1054 734
1055 734
1056 734
1057 734
1058 734
1059 734
1060 734
1061 734
1062 734
1063 734
1064 734
1065 734
1066 734
1067 734
1068 734
1069 734
1070 734
1071 734
1072 739
1073 739
1074 739
1075 739
1076 739
1077 739
1078 739
1079 739
1080 739
1081 739
1082 739
1083 739
1084 739
1085 739
1086 739
1087 739
1088 739
1089 739
1090 739
1091 739
1092 739
1093 739
1094 739
1095 739
1096 739
1097 739
1098 739
1099 739
1100 739
1101 739
1102 739
1103 739
1104 739
1105 739
1106 739
1107 739
1108 739
1109 739
1110 739
1111 739
1112 739
1113 739
1114 739
1115 739
1116 745
1117 745
1118 745
1119 745
1120 745
1121 745
1122 745
1123 745
1124 745
1125 745
1126 745
1127 745
1128 745
1129 745
1130 745
1131 745
1132 745
1133 745
1134 745
1135 745
1136 745
1137 745
1138 745
1139 745
1140 745
1141 745
1142 745
1143 745
1144 745
1145 745
1146 745
1147 745
1148 745
1149 745
1150 745
1151 745
1152 745
1153 745
1154 745
1155 745
1156 745
1157 750
1158 750
1159 750
1160 750
1161 750
1162 750
1163 750
1164 750
1165 750
1166 750
1167 750
1168 750
1169 750
1170 750
1171 750
1172 750
1173 750
1174 750
1175 750
1176 750
1177 750
1178 750
1179 750
1180 750
1181 750
1182 750
1183 750
1184 750
1185 750
1186 750
1187 750
1188 750
1189 750
1190 750
1191 750
1192 750
1193 750
1194 755
1195 755
1196 755
1197 755
1198 755
1199 755
1200 755
1201 755
1202 755
1203 755
1204 755
1205 755
1206 755
1207 755
1208 755
1209 755
1210 755
1211 755
1212 755
1213 755
1214 755
1215 755
1216 755
1217 755
1218 755
1219 755
1220 755
1221 755
1222 755
1223 755
1224 755
1225 755
1226 755
1227 761
1228 761
1229 761
1230 761
1231 761
1232 761
1233 761
1234 761
1235 761
1236 761
1237 761
1238 761
1239 761
1240 761
1241 761
1242 761
1243 761
1244 761
1245 761
1246 761
1247 761
1248 761
1249 761
1250 761
1251 761
1252 761
1253 761
1254 761
1255 761
1256 761
1257 761
1258 766
1259 766
1260 766
1261 766
1262 766
1263 766
1264 766
1265 766
1266 766
1267 766
1268 766
1269 766
1270 766
1271 766
1272 766
1273 766
1274 766
1275 766
1276 766
1277 766
1278 766
1279 766
1280 766
1281 766
1282 766
1283 766
1284 766
1285 771
1286 771
1287 771
1288 771
1289 771
1290 771
1291 771
1292 771
1293 771
1294 771
1295 771
1296 771
1297 771
1298 771
1299 771
1300 771
1301 771
1302 771
1303 771
1304 771
1305 771
1306 771
1307 771
1308 771
1309 771
1310 777
1311 777
1312 777
1313 777
1314 777
1315 777
1316 777
1317 777
1318 777
1319 777
1320 777
1321 777
1322 777
1323 777
1324 777
1325 777
1326 777
1327 777
1328 777
1329 777
1330 777
1331 777
1332 782
1333 782
1334 782
1335 782
1336 782
1337 782
1338 782
1339 782
1340 782
1341 782
1342 782
1343 782
1344 782
1345 782
1346 782
1347 782
1348 782
1349 782
1350 782
1351 782
1352 787
1353 787
1354 787
1355 787
1356 787
1357 787
1358 787
1359 787
1360 787
1361 787
1362 787
1363 787
1364 787
1365 787
1366 787
1367 787
1368 787
1369 787
1370 793
1371 793
1372 793
1373 793
1374 793
1375 793
1376 793
1377 793
1378 793
1379 793
1380 793
1381 793
1382 793
1383 793
1384 793
1385 793
1386 798
1387 798
1388 798
1389 798
1390 798
1391 798
1392 798
1393 798
1394 798
1395 798
1396 798
1397 798
1398 798
1399 798
1400 798
1401 803
1402 803
1403 803
1404 803
1405 803
1406 803
1407 803
1408 803
1409 803
1410 803
1411 803
1412 803
1413 803
1414 809
1415 809
1416 809
1417 809
1418 809
1419 809
1420 809
1421 809
1422 809
1423 809
1424 809
1425 809
1426 809
1427 814
1428 814
1429 814
1430 814
1431 814
1432 814
1433 814
1434 814
1435 814
1436 814
1437 814
1438 819
1439 819
1440 819
1441 819
1442 819
1443 819
1444 819
1445 819
1446 819
1447 819
1448 819
1449 825
1450 825
1451 825
1452 825
1453 825
1454 825
1455 825
1456 825
1457 825
1458 825
1459 825
1460 830
1461 830
1462 830
1463 830
1464 830
1465 830
1466 830
1467 830
1468 830
1469 830
1470 835
1471 835
1472 835
1473 835
1474 835
1475 835
1476 835
1477 835
1478 835
1479 835
1480 835
1481 841
1482 841
1483 841
1484 841
1485 841
1486 841
1487 841
1488 841
1489 841
1490 841
1491 846
1492 846
1493 846
1494 846
1495 846
1496 846
1497 846
1498 846
1499 846
1500 846
1501 851
1502 851
1503 851
1504 851
1505 851
1506 851
1507 851
1508 851
1509 851
1510 851
1511 851
1512 857
1513 857
1514 857
1515 857
1516 857
1517 857
1518 857
1519 857
1520 857
1521 857
1522 862
1523 862
1524 862
1525 862
1526 862
1527 862
1528 862
1529 862
1530 862
1531 862
1532 868
1533 868
1534 868
1535 868
1536 868
1537 868
1538 868
1539 868
1540 868
1541 868
1542 868
1543 873
1544 873
1545 873
1546 873
1547 873
1548 873
1549 873
1550 873
1551 873
1552 873
1553 878
1554 878
1555 878
1556 878
1557 878
1558 878
1559 878
1560 878
1561 878
1562 878
1563 884
1564 884
1565 884
1566 884
1567 884
1568 884
1569 884
1570 884
1571 884
1572 884
1573 889
1574 889
1575 889
1576 889
1577 889
1578 889
1579 889
1580 889
1581 889
1582 889
1583 894
1584 894
1585 894
1586 894
1587 894
1588 894
1589 894
1590 894
1591 894
1592 894
1593 900
1594 900
1595 900
1596 900
1597 900
1598 900
1599 900
1600 900
1601 900
1602 900
1603 905
1604 905
1605 905
1606 905
1607 905
1608 905
1609 905
1610 905
1611 905
1612 905
1613 910
1614 910
1615 910
1616 910
1617 910
1618 910
1619 910
1620 910
1621 910
1622 910
1623 916
1624 916
1625 916
1626 916
1627 916
1628 916
1629 916
1630 916
1631 916
1632 916
1633 921
1634 921
1635 921
1636 921
1637 921
1638 921
1639 921
1640 921
1641 921
1642 926
1643 926
1644 926
1645 926
1646 926
1647 926
1648 926
1649 926
1650 926
1651 926
1652 932
1653 932
1654 932
1655 932
1656 932
1657 932
1658 932
1659 932
1660 932
1661 937
1662 937
1663 937
1664 937
1665 937
1666 937
1667 937
1668 937
1669 937
1670 942
1671 942
1672 942
1673 942
1674 942
1675 942
1676 942
1677 942
1678 942
1679 942
1680 948
1681 948
1682 948
1683 948
1684 948
1685 948
1686 948
1687 948
1688 948
1689 953
1690 953
1691 953
1692 953
1693 953
1694 953
1695 953
1696 953
1697 953
1698 958
1699 958
1700 958
1701 958
1702 958
1703 958
1704 958
1705 958
1706 964
1707 964
1708 964
1709 964
1710 964
1711 964
1712 964
1713 964
1714 964
1715 969
1716 969
1717 969
1718 969
1719 969
1720 969
1721 969
1722 969
1723 974
1724 974
1725 974
1726 974
1727 974
1728 974
1729 974
1730 974
1731 974
1732 980
1733 980
1734 980
1735 980
1736 980
1737 980
1738 980
1739 980
1740 985
1741 985
1742 985
1743 985
1744 985
1745 985
1746 985
1747 985
1748 990
1749 990
1750 990
1751 990
1752 990
1753 990
1754 990
1755 990
1756 996
1757 996
1758 996
1759 996
1760 996
1761 996
1762 996
1763 1001
1764 1001
1765 1001
1766 1001
1767 1001
1768 1001
1769 1001
1770 1001
1771 1007
1772 1007
1773 1007
1774 1007
1775 1007
1776 1007
1777 1007
1778 1012
1779 1012
1780 1012
1781 1012
1782 1012
1783 1012
1784 1012
1785 1017
1786 1017
1787 1017
1788 1017
1789 1017
1790 1017
1791 1017
1792 1023
1793 1023
1794 1023
1795 1023
1796 1023
1797 1023
1798 1023
1799 1023
1800 1023
1801 1023
1802 1023
1803 1023
1804 1023
1805 1023
1806 1023
1807 1023
1808 1023
1809 1023
1810 1023
1811 1023
1812 1023
1813 1023
1814 1023
1815 1023
1816 1023
1817 1023
1818 1023
1819 1023
1820 1023
1821 1023
1822 1023
1823 1023
1824 1023
1825 1023
1826 1023
1827 1023
1828 1023
1829 1023
1830 1023
1831 1023
1832 1023
1833 1023
1834 1023
1835 1023
1836 1023
1837 1023
1838 1023
1839 1023
1840 1023
1841 1023
1842 1023
1843 1023
1844 1023
1845 1023
1846 1023
1847 1023
1848 1023
1849 1023
1850 1023
1851 1023
1852 1023
1853 1023
1854 1023
1855 1023
1856 1023
1857 1023
1858 1023
1859 1023
1860 1023
1861 1023
1862 1023
1863 1023
1864 1023
1865 1023
1866 1023
1867 1023
1868 1023
1869 1023
1870 1023
1871 1023
1872 1023
1873 1023
1874 1023
1875 1023
1876 1023
1877 1023
1878 1023
1879 1023
1880 1023
1881 1023
1882 1023
1883 1023
1884 1023
1885 1023
1886 1023
1887 1023
1888 1023
1889 1023
1890 1023
1891 1023
1892 1023
1893 1023
1894 1023
1895 1023
1896 1023
1897 1023
1898 1023
1899 1023
1900 1023
1901 1023
1902 1023
1903 1023
1904 1023
1905 1023
1906 1023
1907 1023
1908 1023
1909 1023
1910 1023
1911 1023
1912 1023
1913 1023
1914 1023
1915 1023
1916 1023
1917 1023
1918 1023
1919 1023
1920 1023
1921 1023
1922 1023
1923 1023
1924 1023
1925 1023
1926 1023
1927 1023
1928 1023
1929 1023
1930 1023
1931 1023
1932 1023
1933 1023
1934 1023
1935 1023
1936 1023
1937 1023
1938 1023
1939 1023
1940 1023
1941 1023
1942 1023
1943 1023
1944 1023
1945 1023
1946 1023
1947 1023
1948 1023
1949 1023
1950 1023
1951 1023
1952 1023
1953 1023
1954 1023
1955 1023
1956 1023
1957 1023
1958 1023
1959 1023
1960 1023
1961 1023
1962 1023
1963 1023
1964 1023
1965 1023
1966 1023
1967 1023
1968 1023
1969 1023
1970 1023
1971 1023
1972 1023
1973 1023
1974 1023
1975 1023
1976 1023
1977 1023
1978 1023
1979 1023
1980 1023
1981 1023
1982 1023
1983 1023
1984 1023
1985 1023
1986 1023
1987 1023
1988 1023
1989 1023
1990 1023
1991 1023
1992 1023
1993 1023
1994 1023
1995 1023
1996 1023
1997 1023
1998 1023
1999 1023
2000 1023
2001 1023
2002 1023
2003 1023
2004 1023
2005 1023
2006 1023
2007 1023
2008 1023
2009 1023
2010 1023
2011 1023
2012 1023
2013 1023
2014 1023
2015 1023
2016 1023
2017 1023
2018 1023
2019 1023
2020 1023
2021 1023
2022 1023
2023 1023
2024 1023
2025 1023
2026 1023
2027 1023
2028 1023
2029 1023
2030 1023
2031 1023
2032 1023
2033 1023
2034 1023
2035 1023
2036 1023
2037 1023
2038 1023
2039 1023
2040 1023
2041 1023
2042 1023
2043 1023
2044 1023
2045 1023
2046 1023
2047 1023
2048 1023
2049 1023
2050 1023
2051 1023
2052 1023
2053 1023
2054 1023
2055 1023
2056 1023
2057 1023
2058 1023
2059 1023
2060 1023
2061 1023
2062 1023
2063 1023
2064 1023
2065 1023
2066 1023
2067 1023
2068 1023
2069 1023
2070 1023
2071 1023
2072 1023
2073 1023
2074 1023
2075 1023
2076 1023
2077 1023
2078 1023
2079 1023
2080 1023
2081 1023
2082 1023
2083 1023
2084 1023
2085 1023
2086 1023
2087 1023
2088 1023
2089 1023
2090 1023
2091 1023
2092 1023
2093 1023
2094 1023
2095 1023
2096 1023
2097 1023
2098 1023
2099 1023
2100 1023
2101 1023
2102 1023
2103 1023
2104 1023
2105 1023
2106 1023
2107 1023
2108 1023
2109 1023
2110 1023
2111 1023
2112 1023
2113 1023
2114 1023
2115 1023
2116 1023
2117 1023
2118 1023
2119 1023
2120 1023
2121 1023
2122 1023
2123 1023
2124 1023
2125 1023
2126 1023
2127 1023
2128 1023
2129 1023
2130 1023
2131 1023
2132 1023
2133 1023
2134 1023
2135 1023
2136 1023
2137 1023
2138 1023
2139 1023
2140 1023
2141 1023
2142 1023
2143 1023
2144 1023
2145 1023
2146 1023
2147 1023
2148 1023
2149 1023
2150 1023
2151 1023
2152 1023
2153 1023
2154 1023
2155 1023
2156 1023
2157 1023
2158 1023
2159 1023
2160 1023
2161 1023
2162 1023
2163 1023
2164 1023
2165 1023
2166 1023
2167 1023
2168 1023
2169 1023
2170 1023
2171 1023
2172 1023
2173 1023
2174 1023
2175 1023
2176 1023
2177 1023
2178 1023
2179 1023
2180 1023
2181 1023
2182 1023
2183 1023
2184 1023
2185 1023
2186 1023
2187 1023
2188 1023
2189 1023
2190 1023
2191 1023
2192 1023
2193 1023
2194 1023
2195 1023
2196 1023
2197 1023
2198 1023
2199 1023
2200 1023
2201 1023
2202 1023
2203 1023
2204 1023
2205 1023
2206 1023
2207 1023
2208 1023
2209 1023
2210 1023
2211 1023
2212 1023
2213 1023
2214 1023
2215 1023
2216 1023
2217 1023
2218 1023
2219 1023
2220 1023
2221 1023
2222 1023
2223 1023
2224 1023
2225 1023
2226 1023
2227 1023
2228 1023
2229 1023
2230 1023
2231 1023
2232 1023
2233 1023
2234 1023
2235 1023
2236 1023
2237 1023
2238 1023
2239 1023
2240 1023
2241 1023
2242 1023
2243 1023
2244 1023
2245 1023
2246 1023
2247 1023
2248 1023
2249 1023
2250 1023
2251 1023
2252 1023
2253 1023
2254 1023
2255 1023
2256 1023
2257 1023
2258 1023
2259 1023
2260 1023
2261 1023
2262 1023
2263 1023
2264 1023
2265 1023
2266 1023
2267 1023
2268 1023
2269 1023
2270 1023
2271 1023
2272 1023
2273 1023
2274 1023
2275 1023
2276 1023
2277 1023
2278 1023
2279 1023
2280 1023
2281 1023
2282 1023
2283 1023
2284 1023
2285 1023
2286 1023
2287 1023
2288 1023
2289 1023
2290 1023
2291 1023
2292 1023
2293 1023
2294 1023
2295 1023
2296 1023
2297 1023
2298 1023
2299 1023
2300 1023
2301 1023
2302 1023
2303 1023
2304 1023
2305 1023
2306 1023
2307 1023
2308 1023
2309 1023
2310 1023
2311 1023
2312 1023
2313 1023
2314 1023
2315 1023
2316 1023
2317 1023
2318 1023
2319 1023
2320 1023
2321 1023
2322 1023
2323 1023
2324 1023
2325 1023
2326 1023
2327 1023
2328 1023
2329 1023
2330 1023
2331 1023
2332 1023
2333 1023
2334 1023
2335 1023
2336 1023
2337 1023
2338 1023
2339 1023
2340 1023
2341 1023
2342 1023
2343 1023
2344 1023
2345 1023
2346 1023
2347 1023
2348 1023
2349 1023
2350 1023
2351 1023
2352 1023
2353 1023
2354 1023
2355 1023
2356 1023
2357 1023
2358 1023
2359 1023
2360 1023
2361 1023
2362 1023
2363 1023
2364 1023
2365 1023
2366 1023
2367 1023
2368 1023
2369 1023
2370 1023
2371 1023
2372 1023
2373 1023
2374 1023
2375 1023
2376 1023
2377 1023
2378 1023
2379 1023
2380 1023
2381 1023
2382 1023
2383 1023
2384 1023
2385 1023
2386 1023
2387 1023
2388 1023
2389 1023
2390 1023
2391 1023
2392 1023
2393 1023
2394 1023
2395 1023
2396 1023
2397 1023
2398 1023
2399 1023
2400 1023
2401 1023
2402 1023
2403 1023
2404 1023
2405 1023
2406 1023
2407 1023
2408 1023
2409 1023
2410 1023
2411 1023
2412 1023
2413 1023
2414 1023
2415 1023
2416 1023
2417 1023
2418 1023
2419 1023
2420 1023
2421 1023
2422 1023
2423 1023
2424 1023
2425 1023
2426 1023
2427 1023
2428 1023
2429 1023
2430 1023
2431 1023
2432 1023
2433 1023
2434 1023
2435 1023
2436 1023
2437 1023
2438 1023
2439 1023
2440 1023
2441 1023
2442 1023
2443 1023
2444 1023
2445 1023
2446 1023
2447 1023
2448 1023
2449 1023
2450 1023
2451 1023
2452 1023
2453 1023
2454 1023
2455 1023
2456 1023
2457 1023
2458 1023
2459 1023
2460 1023
2461 1023
2462 1023
2463 1023
2464 1023
2465 1023
2466 1023
2467 1023
2468 1023
2469 1023
2470 1023
2471 1023
2472 1023
2473 1023
2474 1023
2475 1023
2476 1023
2477 1023
2478 1023
2479 1023
2480 1023
2481 1023
2482 1023
2483 1023
2484 1023
2485 1023
2486 1023
2487 1023
2488 1023
2489 1023
2490 1023
2491 1023
2492 1023
2493 1023
2494 1023
2495 1023
2496 1023
2497 1023
2498 1023
2499 1023
2500 1023
2501 1023
2502 1023
2503 1023
2504 1023
2505 1023
2506 1023
2507 1023
2508 1023
2509 1023
2510 1023
2511 1023
2512 1023
2513 1023
2514 1023
2515 1023
2516 1023
2517 1023
2518 1023
2519 1023
2520 1023
2521 1023
2522 1023
2523 1023
2524 1023
2525 1023
2526 1023
2527 1023
2528 1023
2529 1023
2530 1023
2531 1023
2532 1023
2533 1023
2534 1023
2535 1023
2536 1023
2537 1023
2538 1023
2539 1023
2540 1023
2541 1023
2542 1023
2543 1023
2544 1023
2545 1023
2546 1023
2547 1023
2548 1023
2549 1023
2550 1023
2551 1023
2552 1023
2553 1023
2554 1023
2555 1023
2556 1023
2557 1023
2558 1023
2559 1023
2560 1023
2561 1023
2562 1023
2563 1023
2564 1023
2565 1023
2566 1023
2567 1023
2568 1023
2569 1023
2570 1023
2571 1023
2572 1023
2573 1023
2574 1023
2575 1023
2576 1023
2577 1023
2578 1023
2579 1023
2580 1023
2581 1023
2582 1023
2583 1023
2584 1023
2585 1023
2586 1023
2587 1023
2588 1023
2589 1023
2590 1023
2591 1023
2592 1023
2593 1023
2594 1023
2595 1023
2596 1023
2597 1023
2598 1023
2599 1023
2600 1023
2601 1023
2602 1023
2603 1023
2604 1023
2605 1023
2606 1023
2607 1023
2608 1023
2609 1023
2610 1023
2611 1023
2612 1023
2613 1023
2614 1023
2615 1023
2616 1023
2617 1023
2618 1023
2619 1023
2620 1023
2621 1023
2622 1023
2623 1023
2624 1023
2625 1023
2626 1023
2627 1023
2628 1023
2629 1023
2630 1023
2631 1023
2632 1023
2633 1023
2634 1023
2635 1023
2636 1023
2637 1023
2638 1023
2639 1023
2640 1023
2641 1023
2642 1023
2643 1023
2644 1023
2645 1023
2646 1023
2647 1023
2648 1023
2649 1023
2650 1023
2651 1023
2652 1023
2653 1023
2654 1023
2655 1023
2656 1023
2657 1023
2658 1023
2659 1023
2660 1023
2661 1023
2662 1023
2663 1023
2664 1023
2665 1023
2666 1023
2667 1023
2668 1023
2669 1023
2670 1023
2671 1023
2672 1023
2673 1023
2674 1023
2675 1023
2676 1023
2677 1023
2678 1023
2679 1023
2680 1023
2681 1023
2682 1023
2683 1023
2684 1023
2685 1023
2686 1023
2687 1023
2688 1023
2689 1023
2690 1023
2691 1023
2692 1023
2693 1023
2694 1023
2695 1023
2696 1023
2697 1023
2698 1023
2699 1023
2700 1023
2701 1023
2702 1023
2703 1023
2704 1023
2705 1023
2706 1023
2707 1023
2708 1023
2709 1023
2710 1023
2711 1023
2712 1023
2713 1023
2714 1023
2715 1023
2716 1023
2717 1023
2718 1023
2719 1023
2720 1023
2721 1023
2722 1023
2723 1023
2724 1023
2725 1023
2726 1023
2727 1023
2728 1023
2729 1023
2730 1023
2731 1023
2732 1023
2733 1023
2734 1023
2735 1023
2736 1023
2737 1023
2738 1023
2739 1023
2740 1023
2741 1023
2742 1023
2743 1023
2744 1023
2745 1023
2746 1023
2747 1023
2748 1023
2749 1023
2750 1023
2751 1023
2752 1023
2753 1023
2754 1023
2755 1023
2756 1023
2757 1023
2758 1023
2759 1023
2760 1023
2761 1023
2762 1023
2763 1023
2764 1023
2765 1023
2766 1023
2767 1023
2768 1023
2769 1023
2770 1023
2771 1023
2772 1023
2773 1023
2774 1023
2775 1023
2776 1023
2777 1023
2778 1023
2779 1023
2780 1023
2781 1023
2782 1023
2783 1023
2784 1023
2785 1023
2786 1023
2787 1023
2788 1023
2789 1023
2790 1023
2791 1023
2792 1023
2793 1023
2794 1023
2795 1023
2796 1023
2797 1023
2798 1023
2799 1023
2800 1023
2801 1023
2802 1023
2803 1023
2804 1023
2805 1023
2806 1023
2807 1023
2808 1023
2809 1023
2810 1023
2811 1023
2812 1023
2813 1023
2814 1023
2815 1023
2816 1023
2817 1023
2818 1023
2819 1023
2820 1023
2821 1023
2822 1023
2823 1023
2824 1023
2825 1023
2826 1023
2827 1023
2828 1023
2829 1023
2830 1023
2831 1023
2832 1023
2833 1023
2834 1023
2835 1023
2836 1023
2837 1023
2838 1023
2839 1023
2840 1023
2841 1023
2842 1023
2843 1023
2844 1023
2845 1023
2846 1023
2847 1023
2848 1023
2849 1023
2850 1023
2851 1023
2852 1023
2853 1023
2854 1023
2855 1023
2856 1023
2857 1023
2858 1023
2859 1023
2860 1023
2861 1023
2862 1023
2863 1023
2864 1023
2865 1023
2866 1023
2867 1023
2868 1023
2869 1023
2870 1023
2871 1023
2872 1023
2873 1023
2874 1023
2875 1023
2876 1023
2877 1023
2878 1023
2879 1023
2880 1023
2881 1023
2882 1023
2883 1023
2884 1023
2885 1023
2886 1023
2887 1023
2888 1023
2889 1023
2890 1023
2891 1023
2892 1023
2893 1023
2894 1023
2895 1023
2896 1023
2897 1023
2898 1023
2899 1023
2900 1023
2901 1023
2902 1023
2903 1023
2904 1023
2905 1023
2906 1023
2907 1023
2908 1023
2909 1023
2910 1023
2911 1023
2912 1023
2913 1023
2914 1023
2915 1023
2916 1023
2917 1023
2918 1023
2919 1023
2920 1023
2921 1023
2922 1023
2923 1023
2924 1023
2925 1023
2926 1023
2927 1023
2928 1023
2929 1023
2930 1023
2931 1023
2932 1023
2933 1023
2934 1023
2935 1023
2936 1023
2937 1023
2938 1023
2939 1023
2940 1023
2941 1023
2942 1023
2943 1023
2944 1023
2945 1023
2946 1023
2947 1023
2948 1023
2949 1023
2950 1023
2951 1023
2952 1023
2953 1023
2954 1023
2955 1023
2956 1023
2957 1023
2958 1023
2959 1023
2960 1023
2961 1023
2962 1023
2963 1023
2964 1023
2965 1023
2966 1023
2967 1023
2968 1023
2969 1023
2970 1023
2971 1023
2972 1023
2973 1023
2974 1023
2975 1023
2976 1023
2977 1023
2978 1023
2979 1023
2980 1023
2981 1023
2982 1023
2983 1023
2984 1023
2985 1023
2986 1023
2987 1023
2988 1023
2989 1023
2990 1023
2991 1023
2992 1023
2993 1023
2994 1023
2995 1023
2996 1023
2997 1023
2998 1023
2999 1023
3000 1023
3001 1023
3002 1023
3003 1023
3004 1023
3005 1023
3006 1023
3007 1023
3008 1023
3009 1023
3010 1023
3011 1023
3012 1023
3013 1023
3014 1023
3015 1023
3016 1023
3017 1023
3018 1023
3019 1023
3020 1023
3021 1023
3022 1023
3023 1023
3024 1023
3025 1023
3026 1023
3027 1023
3028 1023
3029 1023
3030 1023
3031 1023
3032 1023
3033 1023
3034 1023
3035 1023
3036 1023
3037 1023
3038 1023
3039 1023
3040 1023
3041 1023
3042 1023
3043 1023
3044 1023
3045 1023
3046 1023
3047 1023
3048 1023
3049 1023
3050 1023
3051 1023
3052 1023
3053 1023
3054 1023
3055 1023
3056 1023
3057 1023
3058 1023
3059 1023
3060 1023
3061 1023
3062 1023
3063 1023
3064 1023
3065 1023
3066 1023
3067 1023
3068 1023
3069 1023
3070 1023
3071 1023
3072 1023
3073 1023
3074 1023
3075 1023
3076 1023
3077 1023
3078 1023
3079 1023
3080 1023
3081 1023
3082 1023
3083 1023
3084 1023
3085 1023
3086 1023
3087 1023
3088 1023
3089 1023
3090 1023
3091 1023
3092 1023
3093 1023
3094 1023
3095 1023
3096 1023
3097 1023
3098 1023
3099 1023
3100 1023
3101 1023
3102 1023
3103 1023
3104 1023
3105 1023
3106 1023
3107 1023
3108 1023
3109 1023
3110 1023
3111 1023
3112 1023
3113 1023
3114 1023
3115 1023
3116 1023
3117 1023
3118 1023
3119 1023
3120 1023
3121 1023
3122 1023
3123 1023
3124 1023
3125 1023
3126 1023
3127 1023
3128 1023
3129 1023
3130 1023
3131 1023
3132 1023
3133 1023
3134 1023
3135 1023
3136 1023
3137 1023
3138 1023
3139 1023
3140 1023
3141 1023
3142 1023
3143 1023
3144 1023
3145 1023
3146 1023
3147 1023
3148 1023
3149 1023
3150 1023
3151 1023
3152 1023
3153 1023
3154 1023
3155 1023
3156 1023
3157 1023
3158 1023
3159 1023
3160 1023
3161 1023
3162 1023
3163 1023
3164 1023
3165 1023
3166 1023
3167 1023
3168 1023
3169 1023
3170 1023
3171 1023
3172 1023
3173 1023
3174 1023
3175 1023
3176 1023
3177 1023
3178 1023
3179 1023
3180 1023
3181 1023
3182 1023
3183 1023
3184 1023
3185 1023
3186 1023
3187 1023
3188 1023
3189 1023
3190 1023
3191 1023
3192 1023
3193 1023
3194 1023
3195 1023
3196 1023
3197 1023
3198 1023
3199 1023
3200 1023
3201 1023
3202 1023
3203 1023
3204 1023
3205 1023
3206 1023
3207 1023
3208 1023
3209 1023
3210 1023
3211 1023
3212 1023
3213 1023
3214 1023
3215 1023
3216 1023
3217 1023
3218 1023
3219 1023
3220 1023
3221 1023
3222 1023
3223 1023
3224 1023
3225 1023
3226 1023
3227 1023
3228 1023
3229 1023
3230 1023
3231 1023
3232 1023
3233 1023
3234 1023
3235 1023
3236 1023
3237 1023
3238 1023
3239 1023
3240 1023
3241 1023
3242 1023
3243 1023
3244 1023
3245 1023
3246 1023
3247 1023
3248 1023
3249 1023
3250 1023
3251 1023
3252 1023
3253 1023
3254 1023
3255 1023
3256 1023
3257 1023
3258 1023
3259 1023
3260 1023
3261 1023
3262 1023
3263 1023
3264 1023
3265 1023
3266 1023
3267 1023
3268 1023
3269 1023
3270 1023
3271 1023
3272 1023
3273 1023
3274 1023
3275 1023
3276 1023
3277 1023
3278 1023
3279 1023
3280 1023
3281 1023
3282 1023
3283 1023
3284 1023
3285 1023
3286 1023
3287 1023
3288 1023
3289 1023
3290 1023
3291 1023
3292 1023
3293 1023
3294 1023
3295 1023
3296 1023
3297 1023
3298 1023
3299 1023
3300 1023
3301 1023
3302 1023
3303 1023
3304 1023
3305 1023
3306 1023
3307 1023
3308 1023
3309 1023
3310 1023
3311 1023
3312 1023
3313 1023
3314 1023
3315 1023
3316 1023
3317 1023
3318 1023
3319 1023
3320 1023
3321 1023
3322 1023
3323 1023
3324 1023
3325 1023
3326 1023
3327 1023
3328 1023
3329 1023
3330 1023
3331 1023
3332 1023
3333 1023
3334 1023
3335 1023
3336 1023
3337 1023
3338 1023
3339 1023
3340 1023
3341 1023
3342 1023
3343 1023
3344 1023
3345 1023
3346 1023
3347 1023
3348 1023
3349 1023
3350 1023
3351 1023
3352 1023
3353 1023
3354 1023
3355 1023
3356 1023
3357 1023
3358 1023
3359 1023
3360 1023
3361 1023
3362 1023
3363 1023
3364 1023
3365 1023
3366 1023
3367 1023
3368 1023
3369 1023
3370 1023
3371 1023
3372 1023
3373 1023
3374 1023
3375 1023
3376 1023
3377 1023
3378 1023
3379 1023
3380 1023
3381 1023
3382 1023
3383 1023
3384 1023
3385 1023
3386 1023
3387 1023
3388 1023
3389 1023
3390 1023
3391 1023
3392 1023
3393 1023
3394 1023
3395 1023
3396 1023
3397 1023
3398 1023
3399 1023
3400 1023
3401 1023
3402 1023
3403 1023
3404 1023
3405 1023
3406 1023
3407 1023
3408 1023
3409 1023
3410 1023
3411 1023
3412 1023
3413 1023
3414 1023
3415 1023
3416 1023
3417 1023
3418 1023
3419 1023
3420 1023
3421 1023
3422 1023
3423 1023
3424 1023
3425 1023
3426 1023
3427 1023
3428 1023
3429 1023
3430 1023
3431 1023
3432 1023
3433 1023
3434 1023
3435 1023
3436 1023
3437 1023
3438 1023
3439 1023
3440 1023
3441 1023
3442 1023
3443 1023
3444 1023
3445 1023
3446 1023
3447 1023
3448 1023
3449 1023
3450 1023
3451 1023
3452 1023
3453 1023
3454 1023
3455 1023
3456 1023
3457 1023
3458 1023
3459 1023
3460 1023
3461 1023
3462 1023
3463 1023
3464 1023
3465 1023
3466 1023
3467 1023
3468 1023
3469 1023
3470 1023
3471 1023
3472 1023
3473 1023
3474 1023
3475 1023
3476 1023
3477 1023
3478 1023
3479 1023
3480 1023
3481 1023
3482 1023
3483 1023
3484 1023
3485 1023
3486 1023
3487 1023
3488 1023
3489 1023
3490 1023
3491 1023
3492 1023
3493 1023
3494 1023
3495 1023
3496 1023
3497 1023
3498 1023
3499 1023
3500 1023
3501 1023
3502 1023
3503 1023
3504 1023
3505 1023
3506 1023
3507 1023
3508 1023
3509 1023
3510 1023
3511 1023
3512 1023
3513 1023
3514 1023
3515 1023
3516 1023
3517 1023
3518 1023
3519 1023
3520 1023
3521 1023
3522 1023
3523 1023
3524 1023
3525 1023
3526 1023
3527 1023
3528 1023
3529 1023
3530 1023
3531 1023
3532 1023
3533 1023
3534 1023
3535 1023
3536 1023
3537 1023
3538 1023
3539 1023
3540 1023
3541 1023
3542 1023
3543 1023
3544 1023
3545 1023
3546 1023
3547 1023
3548 1023
3549 1023
3550 1023
3551 1023
3552 1023
3553 1023
3554 1023
3555 1023
3556 1023
3557 1023
3558 1023
3559 1023
3560 1023
3561 1023
3562 1023
3563 1023
3564 1023
3565 1023
3566 1023
3567 1023
3568 1023
3569 1023
3570 1023
3571 1023
3572 1023
3573 1023
3574 1023
3575 1023
3576 1023
3577 1023
3578 1023
3579 1023
3580 1023
3581 1023
3582 1023
3583 1023
3584 1023
3585 1023
3586 1023
3587 1023
3588 1023
3589 1023
3590 1023
3591 1023
3592 1023
3593 1023
3594 1023
3595 1023
3596 1023
3597 1023
3598 1023
3599 1023
3600 1023
3601 1023
3602 1023
3603 1023
3604 1023
3605 1023
3606 1023
3607 1023
3608 1023
3609 1023
3610 1023
3611 1023
3612 1023
3613 1023
3614 1023
3615 1023
3616 1023
3617 1023
3618 1023
3619 1023
3620 1023
3621 1023
3622 1023
3623 1023
3624 1023
3625 1023
3626 1023
3627 1023
3628 1023
3629 1023
3630 1023
3631 1023
3632 1023
3633 1023
3634 1023
3635 1023
3636 1023
3637 1023
3638 1023
3639 1023
3640 1023
3641 1023
3642 1023
3643 1023
3644 1023
3645 1023
3646 1023
3647 1023
3648 1023
3649 1023
3650 1023
3651 1023
3652 1023
3653 1023
3654 1023
3655 1023
3656 1023
3657 1023
3658 1023
3659 1023
3660 1023
3661 1023
3662 1023
3663 1023
3664 1023
3665 1023
3666 1023
3667 1023
3668 1023
3669 1023
3670 1023
3671 1023
3672 1023
3673 1023
3674 1023
3675 1023
3676 1023
3677 1023
3678 1023
3679 1023
3680 1023
3681 1023
3682 1023
3683 1023
3684 1023
3685 1023
3686 1023
3687 1023
3688 1023
3689 1023
3690 1023
3691 1023
3692 1023
3693 1023
3694 1023
3695 1023
3696 1023
3697 1023
3698 1023
3699 1023
3700 1023
3701 1023
3702 1023
3703 1023
3704 1023
3705 1023
3706 1023
3707 1023
3708 1023
3709 1023
3710 1023
3711 1023
3712 1023
3713 1023
3714 1023
3715 1023
3716 1023
3717 1023
3718 1023
3719 1023
3720 1023
3721 1023
3722 1023
3723 1023
3724 1023
3725 1023
3726 1023
3727 1023
3728 1023
3729 1023
3730 1023
3731 1023
3732 1023
3733 1023
3734 1023
3735 1023
3736 1023
3737 1023
3738 1023
3739 1023
3740 1023
3741 1023
3742 1023
3743 1023
3744 1023
3745 1023
3746 1023
3747 1023
3748 1023
3749 1023
3750 1023
3751 1023
3752 1023
3753 1023
3754 1023
3755 1023
3756 1023
3757 1023
3758 1023
3759 1023
3760 1023
3761 1023
3762 1023
3763 1023
3764 1023
3765 1023
3766 1023
3767 1023
3768 1023
3769 1023
3770 1023
3771 1023
3772 1023
3773 1023
3774 1023
3775 1023
3776 1023
3777 1023
3778 1023
3779 1023
3780 1023
3781 1023
3782 1023
3783 1023
3784 1023
3785 1023
3786 1023
3787 1023
3788 1023
3789 1023
3790 1023
3791 1023
3792 1023
3793 1023
3794 1023
3795 1023
3796 1023
3797 1023
3798 1023
3799 1023
3800 1023
3801 1023
3802 1023
3803 1023
3804 1023
3805 1023
3806 1023
3807 1023
3808 1023
3809 1023
3810 1023
3811 1023
3812 1023
3813 1023
3814 1023
3815 1023
3816 1023
3817 1023
3818 1023
3819 1023
3820 1023
3821 1023
3822 1023
3823 1023
3824 1023
3825 1023
3826 1023
3827 1023
3828 1023
3829 1023
3830 1023
3831 1023
3832 1023
3833 1023
3834 1023
3835 1023
3836 1023
3837 1023
3838 1023
3839 1023
3840 1023
3841 1023
3842 1023
3843 1023
3844 1023
3845 1023
3846 1023
3847 1023
3848 1023
3849 1023
3850 1023
3851 1023
3852 1023
3853 1023
3854 1023
3855 1023
3856 1023
3857 1023
3858 1023
3859 1023
3860 1023
3861 1023
3862 1023
3863 1023
3864 1023
3865 1023
3866 1023
3867 1023
3868 1023
3869 1023
3870 1023
3871 1023
3872 1023
3873 1023
3874 1023
3875 1023
3876 1023
3877 1023
3878 1023
3879 1023
3880 1023
3881 1023
3882 1023
3883 1023
3884 1023
3885 1023
3886 1023
3887 1023
3888 1023
3889 1023
3890 1023
3891 1023
3892 1023
3893 1023
3894 1023
3895 1023
3896 1023
3897 1023
3898 1023
3899 1023
3900 1023
3901 1023
3902 1023
3903 1023
3904 1023
3905 1023
3906 1023
3907 1023
3908 1023
3909 1023
3910 1023
3911 1023
3912 1023
3913 1023
3914 1023
3915 1023
3916 1023
3917 1023
3918 1023
3919 1023
3920 1023
3921 1023
3922 1023
3923 1023
3924 1023
3925 1023
3926 1023
3927 1023
3928 1023
3929 1023
3930 1023
3931 1023
3932 1023
3933 1023
3934 1023
3935 1023
3936 1023
3937 1023
3938 1023
3939 1023
3940 1023
3941 1023
3942 1023
3943 1023
3944 1023
3945 1023
3946 1023
3947 1023
3948 1023
3949 1023
3950 1023
3951 1023
3952 1023
3953 1023
3954 1023
3955 1023
3956 1023
3957 1023
3958 1023
3959 1023
3960 1023
3961 1023
3962 1023
3963 1023
3964 1023
3965 1023
3966 1023
3967 1023
3968 1023
3969 1023
3970 1023
3971 1023
3972 1023
3973 1023
3974 1023
3975 1023
3976 1023
3977 1023
3978 1023
3979 1023
3980 1023
3981 1023
3982 1023
3983 1023
3984 1023
3985 1023
3986 1023
3987 1023
3988 1023
3989 1023
3990 1023
3991 1023
3992 1023
3993 1023
3994 1023
3995 1023
3996 1023
3997 1023
3998 1023
3999 1023
4000 1023
4001 1023
4002 1023
4003 1023
4004 1023
4005 1023
4006 1023
4007 1023
4008 1023
4009 1023
4010 1023
4011 1023
4012 1023
4013 1023
4014 1023
4015 1023
4016 1023
4017 1023
4018 1023
4019 1023
4020 1023
4021 1023
4022 1023
4023 1023
4024 1023
4025 1023
4026 1023
4027 1023
4028 1023
4029 1023
4030 1023
4031 1023
4032 1023
4033 1023
4034 1023
4035 1023
4036 1023
4037 1023
4038 1023
4039 1023
4040 1023
4041 1023
4042 1023
4043 1023
4044 1023
4045 1023
4046 1023
4047 1023
4048 1023
4049 1023
4050 1023
4051 1023
4052 1023
4053 1023
4054 1023
4055 1023
4056 1023
4057 1023
4058 1023
4059 1023
4060 1023
4061 1023
4062 1023
4063 1023
4064 1023
4065 1023
4066 1023
4067 1023
4068 1023
4069 1023
4070 1023
4071 1023
4072 1023
4073 1023
4074 1023
4075 1023
4076 1023
4077 1023
4078 1023
4079 1023
4080 1023
4081 1023
4082 1023
4083 1023
4084 1023
4085 1023
4086 1023
4087 1023
4088 1023
4089 1023
4090 1023
4091 1023
4092 1023
4093 1023
4094 1023
4095 1023
